time,AVAX-USDT,BTC-USD,SOL-USDT,XRP-USD
2023-01-02,11.16,16666.95,11.28,
2023-01-03,11.38,16669.47,13.31,
2023-01-04,12.09,16844.42,13.4,
2023-01-05,11.75,16825.69,13.38,
2023-01-06,11.78,16948.06,13.48,
2023-01-07,11.75,16942.37,13.07,
2023-01-08,12.09,17125.18,14.46,
2023-01-09,12.22,17177.98,16.27,
2023-01-10,12.73,17443.5,16.19,
2023-01-11,15.85,17944.27,16.37,
2023-01-12,15.42,18847.75,16.59,
2023-01-13,15.95,19934.88,18.29,
2023-01-14,16.94,20957.02,24.24,
2023-01-15,16.81,20879.7,22.89,
2023-01-16,16.6,21187.5,23.57,
2023-01-17,17.18,21136.33,22.85,
2023-01-18,15.81,20674.29,20.79,
2023-01-19,16.17,21084.22,21.4,
2023-01-20,17.54,22669.81,25.51,
2023-01-21,16.84,22789.37,24.56,
2023-01-22,17.38,22714.87,24.21,
2023-01-23,17.94,22920.29,24.32,
2023-01-24,16.96,22636.17,22.76,
2023-01-25,17.87,23062.36,24.54,
2023-01-26,18.12,23010.47,24.34,
2023-01-27,21.16,23084.4,24.41,
2023-01-28,20.53,23028.95,24.0,
2023-01-29,21.04,23745.8,26.06,
2023-01-30,19.65,22836.03,23.97,
2023-01-31,19.81,23128.86,23.92,
2023-02-01,20.97,23735.97,25.05,
2023-02-02,21.22,23493.84,24.3,
2023-02-03,21.35,23433.54,24.67,
2023-02-04,21.03,23328.87,24.26,
2023-02-05,20.07,22936.34,23.5,
2023-02-06,19.57,22764.07,22.67,
2023-02-07,20.84,23244.67,23.89,
2023-02-08,20.1,22964.38,23.25,
2023-02-09,17.88,21800.63,20.47,
2023-02-10,17.82,21628.97,20.19,
2023-02-11,18.01,21863.73,20.82,
2023-02-12,17.78,21789.8,21.5,
2023-02-13,17.61,21789.14,20.75,
2023-02-14,18.14,22206.27,21.88,
2023-02-15,19.95,24329.04,23.89,
2023-02-16,18.59,23516.15,22.25,
2023-02-17,19.53,24577.6,23.19,
2023-02-18,19.54,24636.23,23.44,
2023-02-19,19.82,24281.31,24.85,
2023-02-20,20.94,24844.97,26.24,
2023-02-21,20.98,24454.43,24.98,
2023-02-22,20.34,24184.44,24.21,
2023-02-23,19.62,23943.32,23.88,
2023-02-24,18.33,23186.88,23.08,
2023-02-25,17.9,23159.71,22.38,
2023-02-26,18.37,23556.83,23.27,
2023-02-27,17.9,23489.52,22.68,
2023-02-28,17.06,23145.32,21.9,
2023-03-01,17.82,23631.52,22.52,
2023-03-02,17.37,23468.24,21.94,
2023-03-03,16.66,22358.18,21.43,
2023-03-04,16.15,22350.95,21.02,
2023-03-05,16.15,22432.69,20.95,
2023-03-06,16.53,22410.31,20.62,
2023-03-07,16.18,22198.48,20.24,
2023-03-08,15.15,21698.37,18.42,
2023-03-09,14.43,20367.01,17.34,
2023-03-10,14.83,20230.08,18.14,
2023-03-11,14.43,20620.54,18.05,
2023-03-12,16.18,22219.08,20.16,
2023-03-13,16.47,24220.0,20.4,
2023-03-14,17.12,24762.65,20.85,
2023-03-15,15.59,24377.16,19.21,
2023-03-16,15.85,25051.85,19.67,
2023-03-17,17.66,27453.62,21.59,
2023-03-18,17.0,26980.35,21.2,
2023-03-19,17.52,28054.46,21.88,
2023-03-20,16.63,27823.32,22.14,
2023-03-21,17.39,28207.33,22.53,
2023-03-22,16.71,27325.15,21.38,
2023-03-23,17.61,28352.94,22.19,
2023-03-24,16.95,27489.24,20.66,
2023-03-25,16.89,27488.18,20.4,
2023-03-26,17.13,27992.9,20.94,
2023-03-27,16.44,27142.87,19.89,
2023-03-28,16.72,27274.15,20.47,
2023-03-29,17.33,28359.54,21.1,
2023-03-30,17.25,28035.48,20.56,
2023-03-31,17.81,28474.4,21.16,
2023-04-01,17.84,28471.46,21.08,
2023-04-02,17.23,28188.34,20.46,
2023-04-03,17.11,27811.77,20.46,
2023-04-04,17.68,28179.64,20.93,
2023-04-05,18.0,28175.37,20.98,
2023-04-06,17.99,28053.46,20.61,
2023-04-07,17.59,27931.94,20.41,
2023-04-08,17.45,27958.81,20.03,
2023-04-09,17.6,28340.99,20.29,
2023-04-10,17.94,29660.41,20.9,
2023-04-11,18.2,30227.19,23.0,
2023-04-12,18.19,29912.2,23.85,
2023-04-13,18.82,30406.78,24.42,
2023-04-14,19.2,30492.92,24.72,
2023-04-15,19.07,30324.11,24.04,
2023-04-16,20.17,30326.09,25.36,
2023-04-17,20.5,29449.91,24.57,
2023-04-18,21.19,30393.4,24.74,
2023-04-19,18.9,28809.72,22.65,
2023-04-20,18.4,28248.18,22.19,
2023-04-21,16.93,27253.85,21.28,
2023-04-22,17.2,27821.41,21.76,
2023-04-23,16.82,27592.98,21.45,
2023-04-24,16.9,27515.05,21.36,
2023-04-25,17.67,28304.42,21.97,
2023-04-26,17.13,28426.08,21.21,
2023-04-27,17.65,29483.72,22.36,
2023-04-28,17.52,29338.63,23.4,
2023-04-29,17.49,29249.35,23.18,
2023-04-30,17.11,29247.14,22.72,
2023-05-01,16.61,28077.27,21.96,
2023-05-02,16.82,28684.4,22.28,
2023-05-03,17.22,29038.75,22.24,
2023-05-04,16.94,28857.23,21.73,
2023-05-05,17.44,29536.76,22.82,
2023-05-06,16.58,28902.66,21.9,
2023-05-07,16.35,28474.53,21.65,
2023-05-08,15.42,27695.06,20.59,
2023-05-09,15.36,27647.29,20.66,
2023-05-10,15.53,27624.01,20.93,
2023-05-11,14.92,26986.56,20.15,
2023-05-12,15.2,26808.84,20.98,
2023-05-13,14.93,26789.48,20.8,
2023-05-14,14.99,26929.98,20.94,
2023-05-15,15.12,27171.13,20.97,
2023-05-16,14.87,27037.68,20.61,
2023-05-17,15.14,27407.77,21.06,
2023-05-18,14.67,26820.49,20.33,
2023-05-19,14.67,26890.27,20.34,
2023-05-20,14.62,27113.61,20.28,
2023-05-21,14.33,26752.65,19.61,
2023-05-22,14.68,26854.73,19.55,
2023-05-23,14.67,27223.22,20.03,
2023-05-24,14.11,26321.4,19.23,
2023-05-25,14.05,26479.06,19.22,
2023-05-26,14.33,26714.86,19.37,
2023-05-27,14.53,26867.99,20.39,
2023-05-28,14.9,28070.04,20.82,
2023-05-29,14.44,27744.82,20.57,
2023-05-30,14.42,27700.15,21.26,
2023-05-31,14.09,27223.08,20.82,
2023-06-01,14.05,26828.42,20.49,
2023-06-02,14.5,27250.69,21.27,
2023-06-03,14.57,27077.6,21.2,
2023-06-04,14.74,27122.04,21.77,
2023-06-05,13.88,25741.5,19.99,
2023-06-06,14.62,27243.63,20.38,
2023-06-07,14.0,26346.41,18.63,
2023-06-08,13.91,26508.32,18.87,
2023-06-09,13.75,26482.81,17.25,
2023-06-10,11.72,25856.1,15.65,
2023-06-11,11.52,25937.02,15.5,
2023-06-12,11.5,25905.82,15.2,
2023-06-13,11.79,25930.23,15.03,
2023-06-14,11.4,25123.34,14.43,
2023-06-15,11.4,25569.99,14.7,
2023-06-16,11.51,26329.6,15.33,
2023-06-17,11.62,26506.56,15.64,
2023-06-18,11.3,26336.46,15.48,
2023-06-19,11.46,26837.78,16.1,
2023-06-20,12.11,28320.43,16.62,
2023-06-21,12.9,29995.08,17.22,
2023-06-22,12.68,29886.31,16.63,
2023-06-23,13.21,30707.61,17.13,
2023-06-24,13.05,30547.18,16.63,
2023-06-25,13.41,30480.24,16.86,
2023-06-26,13.17,30272.18,16.25,
2023-06-27,13.15,30697.38,16.55,
2023-06-28,12.32,30074.94,15.94,
2023-06-29,12.66,30446.47,18.05,
2023-06-30,13.07,30466.72,18.86,
2023-07-01,13.0,30587.21,18.67,
2023-07-02,13.11,30613.51,19.41,
2023-07-03,13.25,31161.8,19.28,
2023-07-04,13.03,30771.25,19.16,
2023-07-05,12.65,30499.27,18.97,
2023-07-06,12.36,29899.38,19.6,
2023-07-07,12.73,30352.08,21.49,
2023-07-08,13.67,30291.69,21.8,
2023-07-09,13.56,30168.38,21.34,
2023-07-10,13.42,30419.89,21.31,
2023-07-11,13.26,30626.55,22.03,
2023-07-12,12.98,30381.81,21.93,
2023-07-13,14.12,31471.83,26.05,0.8177
2023-07-14,14.61,30330.52,26.63,0.7186
2023-07-15,14.85,30301.65,27.46,0.715
2023-07-16,14.23,30247.64,27.32,0.7475
2023-07-17,14.4,30143.08,26.84,0.7377
2023-07-18,13.77,29861.93,25.52,0.7787
2023-07-19,14.0,29916.72,26.37,0.8201
2023-07-20,13.83,29809.13,25.37,0.7946
2023-07-21,14.01,29907.98,25.5,0.7716
2023-07-22,13.51,29795.03,24.52,0.7329
2023-07-23,13.52,30081.61,24.77,0.7382
2023-07-24,13.1,29176.98,23.33,0.7022
2023-07-25,13.32,29225.14,23.27,0.7088
2023-07-26,13.21,29353.23,25.11,0.7162
2023-07-27,13.18,29214.92,25.02,0.7136
2023-07-28,13.2,29316.15,24.8,0.712
2023-07-29,13.22,29355.71,25.17,0.7123
2023-07-30,13.11,29281.39,24.16,0.7049
2023-07-31,12.78,29230.67,23.68,0.6977
2023-08-01,12.9,29697.27,24.04,0.7066
2023-08-02,12.52,29164.22,23.12,0.6847
2023-08-03,12.43,29174.18,22.65,0.6626
2023-08-04,12.41,29076.48,22.75,0.6349
2023-08-05,12.45,29047.12,22.64,0.6285
2023-08-06,12.6,29040.01,23.2,0.6229
2023-08-07,12.44,29179.21,23.11,0.623
2023-08-08,12.73,29770.01,24.22,0.6418
2023-08-09,12.6,29562.76,24.39,0.6431
2023-08-10,12.48,29424.03,24.65,0.6324
2023-08-11,12.44,29400.45,24.62,0.6309
2023-08-12,12.35,29416.96,24.95,0.6272
2023-08-13,12.25,29275.94,24.21,0.6251
2023-08-14,12.34,29405.49,25.19,0.6336
2023-08-15,11.83,29170.14,23.92,0.6097
2023-08-16,11.36,28700.51,22.79,0.5883
2023-08-17,10.57,26627.57,21.68,0.5067
2023-08-18,10.83,26048.89,21.39,0.5062
2023-08-19,10.82,26096.42,21.9,0.5199
2023-08-20,10.87,26189.14,21.77,0.5383
2023-08-21,10.35,26125.18,21.2,0.5245
2023-08-22,10.15,26042.11,20.62,0.5208
2023-08-23,10.33,26427.54,21.76,0.5303
2023-08-24,10.09,26163.49,21.04,0.5183
2023-08-25,10.03,26049.39,20.4,0.5256
2023-08-26,10.11,26009.61,20.27,0.523
2023-08-27,10.17,26091.16,20.75,0.5234
2023-08-28,10.38,26101.04,20.59,0.5227
2023-08-29,10.77,27717.98,21.81,0.5398
2023-08-30,10.39,27306.06,20.8,0.5284
2023-08-31,10.02,25932.45,19.74,0.511
2023-09-01,9.92,25794.88,19.4,0.4979
2023-09-02,9.91,25867.83,19.48,0.4989
2023-09-03,9.9,25969.83,19.58,0.5047
2023-09-04,9.77,25816.13,19.51,0.5085
2023-09-05,9.95,25783.91,20.3,0.5054
2023-09-06,9.96,25747.63,19.64,0.5029
2023-09-07,10.09,26276.3,19.93,0.5049
2023-09-08,9.91,25906.34,19.61,0.5049
2023-09-09,9.82,25897.82,19.42,0.5039
2023-09-10,9.44,25831.76,18.23,0.4968
2023-09-11,9.23,25152.14,17.72,0.4743
2023-09-12,9.19,25840.61,17.94,0.4803
2023-09-13,9.34,26226.65,18.39,0.4834
2023-09-14,9.4,26532.76,18.86,0.4892
2023-09-15,9.45,26602.42,19.18,0.5006
2023-09-16,9.36,26569.69,19.03,0.4999
2023-09-17,9.1,26530.95,18.81,0.4927
2023-09-18,9.08,26764.49,19.68,0.5032
2023-09-19,9.21,27216.13,20.02,0.5141
2023-09-20,9.04,27123.94,20.28,0.5213
2023-09-21,8.82,26564.54,19.44,0.5073
2023-09-22,8.87,26578.4,19.42,0.5122
2023-09-23,8.9,26579.6,19.5,0.5077
2023-09-24,8.76,26250.24,19.36,0.502
2023-09-25,8.96,26296.08,19.38,0.5054
2023-09-26,9.04,26208.44,19.02,0.5016
2023-09-27,8.94,26357.62,19.17,0.4989
2023-09-28,9.27,27027.14,19.97,0.5098
2023-09-29,9.17,26907.0,20.25,0.5214
2023-09-30,9.22,26961.0,21.34,0.5151
2023-10-01,9.76,27995.46,23.92,0.524
2023-10-02,9.32,27504.04,23.44,0.5123
2023-10-03,9.38,27428.96,23.61,0.5391
2023-10-04,10.14,27786.75,23.1,0.5328
2023-10-05,10.15,27412.96,22.74,0.523
2023-10-06,10.69,27945.17,23.44,0.5257
2023-10-07,10.33,27976.43,23.3,0.5219
2023-10-08,10.06,27933.55,23.19,0.5177
2023-10-09,9.55,27596.67,22.07,0.5029
2023-10-10,9.51,27393.29,22.11,0.4964
2023-10-11,9.29,26869.19,21.96,0.4888
2023-10-12,9.16,26750.51,21.27,0.483
2023-10-13,9.17,26863.53,21.86,0.4851
2023-10-14,9.14,26851.71,21.99,0.4867
2023-10-15,9.18,27186.13,21.92,0.4874
2023-10-16,9.4,28520.24,23.99,0.4978
2023-10-17,9.1,28408.83,23.92,0.4913
2023-10-18,8.9,28326.51,23.38,0.488
2023-10-19,9.1,28735.34,24.99,0.5201
2023-10-20,9.25,29684.73,27.06,0.515
2023-10-21,9.61,29924.84,29.24,0.5211
2023-10-22,10.09,30004.15,29.05,0.5229
2023-10-23,10.59,33087.58,32.03,0.5479
2023-10-24,10.27,33922.52,30.17,0.5591
2023-10-25,10.48,34506.35,32.42,0.5556
2023-10-26,11.05,34154.71,32.78,0.5536
2023-10-27,10.59,33906.09,31.7,0.5431
2023-10-28,10.98,34085.42,31.65,0.5449
2023-10-29,11.39,34534.48,32.88,0.5564
2023-10-30,11.44,34493.79,34.94,0.5785
2023-10-31,11.3,34656.4,38.39,0.5999
2023-11-01,12.23,35440.1,41.14,0.6091
2023-11-02,11.85,34950.0,40.25,0.6053
2023-11-03,12.11,34731.27,39.42,0.6124
2023-11-04,12.22,35087.01,42.42,0.6154
2023-11-05,12.34,35035.42,41.14,0.6614
2023-11-06,13.1,35059.46,42.11,0.7149
2023-11-07,12.8,35416.28,42.93,0.6855
2023-11-08,12.98,35639.13,43.06,0.6873
2023-11-09,12.95,36706.59,45.22,0.6668
2023-11-10,14.78,37324.83,56.69,0.6596
2023-11-11,16.81,37139.12,56.4,0.6628
2023-11-12,19.16,37086.03,56.23,0.6616
2023-11-13,16.1,36475.67,51.6,0.6702
2023-11-14,17.04,35554.09,56.84,0.6295
2023-11-15,20.7,37885.35,65.45,0.6484
2023-11-16,21.74,36161.15,57.8,0.6119
2023-11-17,21.89,36630.38,58.51,0.6135
2023-11-18,21.91,36594.89,58.36,0.6111
2023-11-19,22.89,37391.19,61.15,0.6272
2023-11-20,20.85,37475.64,56.45,0.6126
2023-11-21,18.97,35751.89,51.63,0.5788
2023-11-22,20.81,37424.31,57.57,0.6116
2023-11-23,20.66,37304.05,56.52,0.6208
2023-11-24,20.84,37745.84,56.63,0.6216
2023-11-25,21.34,37805.99,58.82,0.623
2023-11-26,21.04,37462.79,57.52,0.616
2023-11-27,20.31,37241.63,55.04,0.6039
2023-11-28,20.7,37838.26,58.25,0.6109
2023-11-29,21.11,37863.84,59.38,0.6092
2023-11-30,21.4,37732.27,59.28,0.6065
2023-12-01,21.87,38703.54,59.75,0.6129
2023-12-02,22.21,39478.95,63.8,0.621
2023-12-03,21.99,39984.81,63.08,0.6233
2023-12-04,22.7,41987.24,61.62,0.6245
2023-12-05,24.54,44084.39,61.02,0.6212
2023-12-06,26.23,43764.05,61.96,0.6401
2023-12-07,26.29,43280.95,67.87,0.6434
2023-12-08,30.44,44192.87,75.02,0.6723
2023-12-09,31.9,43723.25,72.28,0.6585
2023-12-10,37.16,43793.68,74.88,0.6616
2023-12-11,38.02,41229.61,70.52,0.6185
2023-12-12,37.56,41477.39,68.54,0.6189
2023-12-13,39.06,42885.54,70.76,0.6276
2023-12-14,39.29,43027.77,75.5,0.6318
2023-12-15,39.77,41933.89,72.38,0.6156
2023-12-16,42.33,42237.29,73.7,0.62
2023-12-17,40.56,41349.59,71.0,0.6098
2023-12-18,41.18,42650.01,74.55,0.6125
2023-12-19,39.73,42266.22,73.01,0.6044
2023-12-20,43.46,43674.77,82.21,0.617
2023-12-21,45.99,43875.32,93.96,0.6241
2023-12-22,45.26,44013.73,97.86,0.6249
2023-12-23,48.28,43726.35,107.87,0.6199
2023-12-24,47.74,43025.03,112.48,0.6127
2023-12-25,48.31,43589.67,121.36,0.6463
2023-12-26,44.54,42515.53,112.47,0.622
2023-12-27,42.36,43474.4,106.72,0.6348
2023-12-28,39.86,42581.23,101.87,0.635
2023-12-29,40.13,42063.45,106.34,0.623
2023-12-30,39.34,42141.03,101.73,0.6206
2023-12-31,38.52,42288.06,101.61,0.6154
2024-01-01,41.94,44220.78,109.9,0.6299
2024-01-02,40.57,44972.8,106.62,0.6247
2024-01-03,36.78,42862.44,98.47,0.5826
2024-01-04,38.7,44193.29,104.87,0.5874
2024-01-05,36.48,44186.59,100.0,0.5763
2024-01-06,34.62,43992.44,93.77,0.5684
2024-01-07,33.62,43950.28,89.52,0.5515
2024-01-08,36.08,46995.1,97.9,0.5782
2024-01-09,34.62,46124.08,99.39,0.567
2024-01-10,38.58,46666.11,101.98,0.6006
2024-01-11,39.3,46342.66,99.82,0.6019
2024-01-12,35.93,42773.03,92.11,0.5697
2024-01-13,36.49,42839.33,95.87,0.5746
2024-01-14,35.25,41697.33,93.78,0.5758
2024-01-15,35.75,42490.16,94.37,0.5752
2024-01-16,35.59,43130.45,97.84,0.5755
2024-01-17,36.1,42739.49,102.38,0.568
2024-01-18,33.53,41293.5,94.2,0.5516
2024-01-19,32.7,41624.07,93.56,0.5438
2024-01-20,32.84,41666.67,92.77,0.5531
2024-01-21,32.58,41554.05,91.23,0.5462
2024-01-22,29.6,39524.27,83.87,0.527
2024-01-23,30.63,39878.3,84.26,0.5179
2024-01-24,31.19,40077.78,88.74,0.518
2024-01-25,30.49,39941.66,86.7,0.5136
2024-01-26,32.28,41814.8,92.11,0.5321
2024-01-27,33.25,42126.55,94.3,0.5303
2024-01-28,34.8,42034.59,95.95,0.5241
2024-01-29,36.07,43306.18,101.86,0.5351
2024-01-30,35.22,42942.78,101.47,0.5109
2024-01-31,33.21,42548.08,97.2,0.5029
2024-02-01,33.84,43078.81,97.73,0.5058
2024-02-02,36.81,43181.66,100.68,0.5103
2024-02-03,36.03,43010.67,97.74,0.5186
2024-02-04,34.84,42568.55,95.43,0.5028
2024-02-05,34.5,42657.67,95.59,0.5062
2024-02-06,34.14,43095.79,97.05,0.505
2024-02-07,35.32,44343.61,101.2,0.5138
2024-02-08,35.46,45305.2,102.79,0.5148
2024-02-09,38.0,47160.41,106.96,0.5264
2024-02-10,40.27,47767.06,108.95,0.5241
2024-02-11,39.64,48316.3,107.44,0.5263
2024-02-12,40.96,49941.81,111.7,0.5318
2024-02-13,39.74,49725.36,112.13,0.5248
2024-02-14,42.35,51858.59,117.03,0.5384
2024-02-15,41.55,51934.29,113.54,0.5627
2024-02-16,40.25,52162.64,110.32,0.5647
2024-02-17,39.77,51666.22,108.95,0.5498
2024-02-18,40.33,52153.63,112.2,0.5574
2024-02-19,39.61,51787.05,111.51,0.5629
2024-02-20,38.53,52277.52,108.24,0.5624
2024-02-21,37.57,51851.67,104.76,0.5492
2024-02-22,36.78,51258.7,101.67,0.5408
2024-02-23,35.92,50747.05,99.91,0.5341
2024-02-24,36.77,51570.65,104.03,0.545
2024-02-25,37.42,51731.0,103.24,0.5426
2024-02-26,39.37,54533.48,109.87,0.551
2024-02-27,39.26,57077.07,108.44,0.5865
2024-02-28,40.41,62518.9,118.98,0.5758
2024-02-29,40.95,61179.03,125.72,0.5872
2024-03-01,42.65,62436.72,129.35,0.6017
2024-03-02,44.35,62045.78,129.98,0.6448
2024-03-03,42.57,63154.49,130.23,0.627
2024-03-04,43.08,68360.14,133.08,0.6488
2024-03-05,39.44,63800.78,125.73,0.5921
2024-03-06,41.57,66122.28,130.88,0.612
2024-03-07,43.24,66938.21,143.8,0.6282
2024-03-08,42.57,68289.16,144.77,0.6211
2024-03-09,42.9,68480.0,144.29,0.6211
2024-03-10,42.02,69032.12,144.34,0.6085
2024-03-11,49.09,72110.98,148.8,0.7229
2024-03-12,55.47,71475.93,151.04,0.6882
2024-03-13,54.79,73135.04,163.82,0.6897
2024-03-14,54.03,71364.58,176.69,0.6689
2024-03-15,58.4,69506.88,183.88,0.6345
2024-03-16,53.5,65254.22,182.68,0.6025
2024-03-17,58.42,68343.64,201.69,0.6188
2024-03-18,60.63,67613.04,195.85,0.6454
2024-03-19,53.61,61906.27,169.72,0.5844
2024-03-20,56.93,67858.8,191.89,0.6108
2024-03-21,53.8,65484.7,179.43,0.6403
2024-03-22,53.43,63814.56,175.14,0.6117
2024-03-23,53.33,63998.86,172.66,0.6166
2024-03-24,55.71,67204.93,184.12,0.6325
2024-03-25,57.73,69890.28,189.03,0.6406
2024-03-26,55.76,69992.4,190.32,0.6318
2024-03-27,54.14,69435.96,186.15,0.6116
2024-03-28,54.57,70801.18,189.66,0.6246
2024-03-29,53.34,69903.75,192.08,0.6305
2024-03-30,52.93,69626.87,194.18,0.6216
2024-03-31,54.07,71288.9,202.32,0.6291
2024-04-01,51.18,69681.82,192.12,0.6111
2024-04-02,46.88,65464.14,181.48,0.5856
2024-04-03,45.86,65987.92,184.99,0.5744
2024-04-04,46.44,68525.23,183.63,0.5937
2024-04-05,45.21,67856.51,174.37,0.5872
2024-04-06,48.22,68919.89,178.74,0.5931
2024-04-07,49.29,69350.34,179.05,0.5945
2024-04-08,49.83,71622.53,180.55,0.6147
2024-04-09,46.42,69117.01,172.17,0.6137
2024-04-10,47.08,70634.04,173.41,0.6171
2024-04-11,46.05,70020.73,172.72,0.6086
2024-04-12,39.3,67148.61,153.02,0.5474
2024-04-13,33.86,64024.77,137.83,0.4801
2024-04-14,37.13,65777.05,150.84,0.5039
2024-04-15,35.06,63452.18,138.5,0.4979
2024-04-16,34.7,63814.94,136.12,0.4968
2024-04-17,33.47,61279.36,131.86,0.4952
2024-04-18,34.78,63513.85,141.57,0.503
2024-04-19,34.59,63848.37,142.48,0.5033
2024-04-20,38.28,64968.87,151.25,0.5291
2024-04-21,37.21,64952.92,148.95,0.5246
2024-04-22,39.17,66859.17,157.03,0.5561
2024-04-23,38.41,66414.16,154.73,0.5445
2024-04-24,36.29,64255.78,147.51,0.5273
2024-04-25,35.59,64484.44,144.82,0.5252
2024-04-26,34.47,63742.39,139.55,0.5258
2024-04-27,34.41,63422.0,141.43,0.5177
2024-04-28,33.96,63108.94,138.02,0.5104
2024-04-29,33.3,62292.78,134.95,0.5039
