time,AVAX-USDT,ETH-USD,BTC-USD,XRP-USD,SOL-USDT
2023-01-02,11.16,1213.69,16666.95,,11.28
2023-01-03,11.38,1214.21,16669.47,,13.31
2023-01-04,12.09,1256.34,16844.42,,13.4
2023-01-05,11.75,1250.88,16825.69,,13.38
2023-01-06,11.78,1268.84,16948.06,,13.48
2023-01-07,11.75,1263.94,16942.37,,13.07
2023-01-08,12.09,1289.92,17125.18,,14.46
2023-01-09,12.22,1320.02,17177.98,,16.27
2023-01-10,12.73,1335.56,17443.5,,16.19
2023-01-11,15.85,1389.24,17944.27,,16.37
2023-01-12,15.42,1416.05,18847.75,,16.59
2023-01-13,15.95,1451.78,19934.88,,18.29
2023-01-14,16.94,1550.06,20957.02,,24.24
2023-01-15,16.81,1552.89,20879.7,,22.89
2023-01-16,16.6,1576.85,21187.5,,23.57
2023-01-17,17.18,1565.68,21136.33,,22.85
2023-01-18,15.81,1510.83,20674.29,,20.79
2023-01-19,16.17,1550.98,21084.22,,21.4
2023-01-20,17.54,1658.25,22669.81,,25.51
2023-01-21,16.84,1626.8,22789.37,,24.56
2023-01-22,17.38,1627.88,22714.87,,24.21
2023-01-23,17.94,1626.55,22920.29,,24.32
2023-01-24,16.96,1556.09,22636.17,,22.76
2023-01-25,17.87,1612.54,23062.36,,24.54
2023-01-26,18.12,1601.1,23010.47,,24.34
2023-01-27,21.16,1598.18,23084.4,,24.41
2023-01-28,20.53,1572.3,23028.95,,24.0
2023-01-29,21.04,1644.89,23745.8,,26.06
2023-01-30,19.65,1566.23,22836.03,,23.97
2023-01-31,19.81,1585.39,23128.86,,23.92
2023-02-01,20.97,1642.05,23735.97,,25.05
2023-02-02,21.22,1643.19,23493.84,,24.3
2023-02-03,21.35,1663.69,23433.54,,24.67
2023-02-04,21.03,1666.83,23328.87,,24.26
2023-02-05,20.07,1629.37,22936.34,,23.5
2023-02-06,19.57,1614.5,22764.07,,22.67
2023-02-07,20.84,1671.28,23244.67,,23.89
2023-02-08,20.1,1650.65,22964.38,,23.25
2023-02-09,17.88,1545.54,21800.63,,20.47
2023-02-10,17.82,1513.04,21628.97,,20.19
2023-02-11,18.01,1538.86,21863.73,,20.82
2023-02-12,17.78,1515.25,21789.8,,21.5
2023-02-13,17.61,1506.29,21789.14,,20.75
2023-02-14,18.14,1556.67,22206.27,,21.88
2023-02-15,19.95,1674.88,24329.04,,23.89
2023-02-16,18.59,1637.83,23516.15,,22.25
2023-02-17,19.53,1694.37,24577.6,,23.19
2023-02-18,19.54,1691.82,24636.23,,23.44
2023-02-19,19.82,1680.23,24281.31,,24.85
2023-02-20,20.94,1703.63,24844.97,,26.24
2023-02-21,20.98,1659.76,24454.43,,24.98
2023-02-22,20.34,1642.95,24184.44,,24.21
2023-02-23,19.62,1650.62,23943.32,,23.88
2023-02-24,18.33,1607.57,23186.88,,23.08
2023-02-25,17.9,1594.51,23159.71,,22.38
2023-02-26,18.37,1641.41,23556.83,,23.27
2023-02-27,17.9,1633.26,23489.52,,22.68
2023-02-28,17.06,1605.4,23145.32,,21.9
2023-03-01,17.82,1665.2,23631.52,,22.52
2023-03-02,17.37,1647.87,23468.24,,21.94
2023-03-03,16.66,1569.54,22358.18,,21.43
2023-03-04,16.15,1566.72,22350.95,,21.02
2023-03-05,16.15,1564.81,22432.69,,20.95
2023-03-06,16.53,1565.85,22410.31,,20.62
2023-03-07,16.18,1561.67,22198.48,,20.24
2023-03-08,15.15,1532.17,21698.37,,18.42
2023-03-09,14.43,1437.41,20367.01,,17.34
2023-03-10,14.83,1432.15,20230.08,,18.14
2023-03-11,14.43,1483.68,20620.54,,18.05
2023-03-12,16.18,1592.31,22219.08,,20.16
2023-03-13,16.47,1681.93,24220.0,,20.4
2023-03-14,17.12,1704.95,24762.65,,20.85
2023-03-15,15.59,1656.8,24377.16,,19.21
2023-03-16,15.85,1677.24,25051.85,,19.67
2023-03-17,17.66,1793.66,27453.62,,21.59
2023-03-18,17.0,1763.68,26980.35,,21.2
2023-03-19,17.52,1786.4,28054.46,,21.88
2023-03-20,16.63,1739.42,27823.32,,22.14
2023-03-21,17.39,1807.23,28207.33,,22.53
2023-03-22,16.71,1739.18,27325.15,,21.38
2023-03-23,17.61,1817.49,28352.94,,22.19
2023-03-24,16.95,1751.93,27489.24,,20.66
2023-03-25,16.89,1743.8,27488.18,,20.4
2023-03-26,17.13,1775.86,27992.9,,20.94
2023-03-27,16.44,1716.42,27142.87,,19.89
2023-03-28,16.72,1773.7,27274.15,,20.47
2023-03-29,17.33,1793.41,28359.54,,21.1
2023-03-30,17.25,1793.68,28035.48,,20.56
2023-03-31,17.81,1822.01,28474.4,,21.16
2023-04-01,17.84,1821.73,28471.46,,21.08
2023-04-02,17.23,1795.37,28188.34,,20.46
2023-04-03,17.11,1810.92,27811.77,,20.46
2023-04-04,17.68,1871.36,28179.64,,20.93
2023-04-05,18.0,1908.9,28175.37,,20.98
2023-04-06,17.99,1873.29,28053.46,,20.61
2023-04-07,17.59,1865.02,27931.94,,20.41
2023-04-08,17.45,1850.06,27958.81,,20.03
2023-04-09,17.6,1859.84,28340.99,,20.29
2023-04-10,17.94,1911.23,29660.41,,20.9
2023-04-11,18.2,1891.82,30227.19,,23.0
2023-04-12,18.19,1918.91,29912.2,,23.85
2023-04-13,18.82,2013.98,30406.78,,24.42
2023-04-14,19.2,2101.85,30492.92,,24.72
2023-04-15,19.07,2092.45,30324.11,,24.04
2023-04-16,20.17,2120.07,30326.09,,25.36
2023-04-17,20.5,2075.63,29449.91,,24.57
2023-04-18,21.19,2104.61,30393.4,,24.74
2023-04-19,18.9,1934.8,28809.72,,22.65
2023-04-20,18.4,1943.16,28248.18,,22.19
2023-04-21,16.93,1848.16,27253.85,,21.28
2023-04-22,17.2,1874.48,27821.41,,21.76
2023-04-23,16.82,1861.9,27592.98,,21.45
2023-04-24,16.9,1842.17,27515.05,,21.36
2023-04-25,17.67,1866.23,28304.42,,21.97
2023-04-26,17.13,1866.73,28426.08,,21.21
2023-04-27,17.65,1908.92,29483.72,,22.36
2023-04-28,17.52,1892.54,29338.63,,23.4
2023-04-29,17.49,1908.96,29249.35,,23.18
2023-04-30,17.11,1870.76,29247.14,,22.72
2023-05-01,16.61,1831.41,28077.27,,21.96
2023-05-02,16.82,1871.26,28684.4,,22.28
2023-05-03,17.22,1905.89,29038.75,,22.24
2023-05-04,16.94,1878.01,28857.23,,21.73
2023-05-05,17.44,1995.76,29536.76,,22.82
2023-05-06,16.58,1900.12,28902.66,,21.9
2023-05-07,16.35,1873.27,28474.53,,21.65
2023-05-08,15.42,1849.11,27695.06,,20.59
2023-05-09,15.36,1847.7,27647.29,,20.66
2023-05-10,15.53,1842.47,27624.01,,20.93
2023-05-11,14.92,1795.24,26986.56,,20.15
2023-05-12,15.2,1808.35,26808.84,,20.98
2023-05-13,14.93,1795.99,26789.48,,20.8
2023-05-14,14.99,1800.03,26929.98,,20.94
2023-05-15,15.12,1816.79,27171.13,,20.97
2023-05-16,14.87,1824.64,27037.68,,20.61
2023-05-17,15.14,1822.49,27407.77,,21.06
2023-05-18,14.67,1800.61,26820.49,,20.33
2023-05-19,14.67,1812.84,26890.27,,20.34
2023-05-20,14.62,1819.96,27113.61,,20.28
2023-05-21,14.33,1805.28,26752.65,,19.61
2023-05-22,14.68,1817.76,26854.73,,19.55
2023-05-23,14.67,1854.41,27223.22,,20.03
2023-05-24,14.11,1799.75,26321.4,,19.23
2023-05-25,14.05,1805.83,26479.06,,19.22
2023-05-26,14.33,1828.43,26714.86,,19.37
2023-05-27,14.53,1830.67,26867.99,,20.39
2023-05-28,14.9,1909.25,28070.04,,20.82
2023-05-29,14.44,1893.2,27744.82,,20.57
2023-05-30,14.42,1901.11,27700.15,,21.26
2023-05-31,14.09,1874.04,27223.08,,20.82
2023-06-01,14.05,1862.43,26828.42,,20.49
2023-06-02,14.5,1907.41,27250.69,,21.27
2023-06-03,14.57,1892.62,27077.6,,21.2
2023-06-04,14.74,1890.23,27122.04,,21.77
2023-06-05,13.88,1811.21,25741.5,,19.99
2023-06-06,14.62,1884.95,27243.63,,20.38
2023-06-07,14.0,1832.49,26346.41,,18.63
2023-06-08,13.91,1845.99,26508.32,,18.87
2023-06-09,13.75,1840.46,26482.81,,17.25
2023-06-10,11.72,1752.32,25856.1,,15.65
2023-06-11,11.52,1753.1,25937.02,,15.5
2023-06-12,11.5,1742.66,25905.82,,15.2
2023-06-13,11.79,1739.54,25930.23,,15.03
2023-06-14,11.4,1650.84,25123.34,,14.43
2023-06-15,11.4,1665.28,25569.99,,14.7
2023-06-16,11.51,1716.8,26329.6,,15.33
2023-06-17,11.62,1727.09,26506.56,,15.64
2023-06-18,11.3,1720.43,26336.46,,15.48
2023-06-19,11.46,1736.58,26837.78,,16.1
2023-06-20,12.11,1792.86,28320.43,,16.62
2023-06-21,12.9,1889.57,29995.08,,17.22
2023-06-22,12.68,1872.13,29886.31,,16.63
2023-06-23,13.21,1893.66,30707.61,,17.13
2023-06-24,13.05,1875.87,30547.18,,16.63
2023-06-25,13.41,1899.73,30480.24,,16.86
2023-06-26,13.17,1859.19,30272.18,,16.25
2023-06-27,13.15,1889.82,30697.38,,16.55
2023-06-28,12.32,1827.37,30074.94,,15.94
2023-06-29,12.66,1852.11,30446.47,,18.05
2023-06-30,13.07,1933.57,30466.72,,18.86
2023-07-01,13.0,1924.14,30587.21,,18.67
2023-07-02,13.11,1937.26,30613.51,,19.41
2023-07-03,13.25,1955.76,31161.8,,19.28
2023-07-04,13.03,1936.42,30771.25,,19.16
2023-07-05,12.65,1910.14,30499.27,,18.97
2023-07-06,12.36,1845.8,29899.38,,19.6
2023-07-07,12.73,1870.93,30352.08,,21.49
2023-07-08,13.67,1865.56,30291.69,,21.8
2023-07-09,13.56,1863.01,30168.38,,21.34
2023-07-10,13.42,1880.62,30419.89,,21.31
2023-07-11,13.26,1878.66,30626.55,,22.03
2023-07-12,12.98,1871.65,30381.81,,21.93
2023-07-13,14.12,2005.95,31471.83,0.8177,26.05
2023-07-14,14.61,1938.91,30330.52,0.7186,26.63
2023-07-15,14.85,1931.9,30301.65,0.715,27.46
2023-07-16,14.23,1923.38,30247.64,0.7475,27.32
2023-07-17,14.4,1911.38,30143.08,0.7377,26.84
2023-07-18,13.77,1897.72,29861.93,0.7787,25.52
2023-07-19,14.0,1888.73,29916.72,0.8201,26.37
2023-07-20,13.83,1891.72,29809.13,0.7946,25.37
2023-07-21,14.01,1891.92,29907.98,0.7716,25.5
2023-07-22,13.51,1866.69,29795.03,0.7329,24.52
2023-07-23,13.52,1888.65,30081.61,0.7382,24.77
2023-07-24,13.1,1849.69,29176.98,0.7022,23.33
2023-07-25,13.32,1857.28,29225.14,0.7088,23.27
2023-07-26,13.21,1871.92,29353.23,0.7162,25.11
2023-07-27,13.18,1860.88,29214.92,0.7136,25.02
2023-07-28,13.2,1874.05,29316.15,0.712,24.8
2023-07-29,13.22,1880.71,29355.71,0.7123,25.17
2023-07-30,13.11,1861.65,29281.39,0.7049,24.16
2023-07-31,12.78,1856.0,29230.67,0.6977,23.68
2023-08-01,12.9,1872.89,29697.27,0.7066,24.04
2023-08-02,12.52,1838.92,29164.22,0.6847,23.12
2023-08-03,12.43,1834.34,29174.18,0.6626,22.65
2023-08-04,12.41,1827.3,29076.48,0.6349,22.75
2023-08-05,12.45,1834.66,29047.12,0.6285,22.64
2023-08-06,12.6,1827.5,29040.01,0.6229,23.2
2023-08-07,12.44,1826.9,29179.21,0.623,23.11
2023-08-08,12.73,1855.71,29770.01,0.6418,24.22
2023-08-09,12.6,1854.09,29562.76,0.6431,24.39
2023-08-10,12.48,1850.38,29424.03,0.6324,24.65
2023-08-11,12.44,1846.76,29400.45,0.6309,24.62
2023-08-12,12.35,1849.09,29416.96,0.6272,24.95
2023-08-13,12.25,1838.98,29275.94,0.6251,24.21
2023-08-14,12.34,1844.01,29405.49,0.6336,25.19
2023-08-15,11.83,1827.19,29170.14,0.6097,23.92
2023-08-16,11.36,1805.51,28700.51,0.5883,22.79
2023-08-17,10.57,1681.42,26627.57,0.5067,21.68
2023-08-18,10.83,1661.4,26048.89,0.5062,21.39
2023-08-19,10.82,1669.65,26096.42,0.5199,21.9
2023-08-20,10.87,1685.39,26189.14,0.5383,21.77
2023-08-21,10.35,1667.2,26125.18,0.5245,21.2
2023-08-22,10.15,1634.33,26042.11,0.5208,20.62
2023-08-23,10.33,1679.22,26427.54,0.5303,21.76
2023-08-24,10.09,1660.36,26163.49,0.5183,21.04
2023-08-25,10.03,1652.75,26049.39,0.5256,20.4
2023-08-26,10.11,1646.25,26009.61,0.523,20.27
2023-08-27,10.17,1657.51,26091.16,0.5234,20.75
2023-08-28,10.38,1651.94,26101.04,0.5227,20.59
2023-08-29,10.77,1729.34,27717.98,0.5398,21.81
2023-08-30,10.39,1705.47,27306.06,0.5284,20.8
2023-08-31,10.02,1645.58,25932.45,0.511,19.74
2023-09-01,9.92,1628.46,25794.88,0.4979,19.4
2023-09-02,9.91,1636.83,25867.83,0.4989,19.48
2023-09-03,9.9,1635.68,25969.83,0.5047,19.58
2023-09-04,9.77,1629.75,25816.13,0.5085,19.51
2023-09-05,9.95,1633.85,25783.91,0.5054,20.3
2023-09-06,9.96,1632.08,25747.63,0.5029,19.64
2023-09-07,10.09,1647.44,26276.3,0.5049,19.93
2023-09-08,9.91,1635.94,25906.34,0.5049,19.61
2023-09-09,9.82,1635.14,25897.82,0.5039,19.42
2023-09-10,9.44,1616.65,25831.76,0.4968,18.23
2023-09-11,9.23,1551.36,25152.14,0.4743,17.72
2023-09-12,9.19,1593.07,25840.61,0.4803,17.94
2023-09-13,9.34,1608.06,26226.65,0.4834,18.39
2023-09-14,9.4,1627.18,26532.76,0.4892,18.86
2023-09-15,9.45,1641.49,26602.42,0.5006,19.18
2023-09-16,9.36,1634.87,26569.69,0.4999,19.03
2023-09-17,9.1,1622.83,26530.95,0.4927,18.81
2023-09-18,9.08,1636.94,26764.49,0.5032,19.68
2023-09-19,9.21,1643.42,27216.13,0.5141,20.02
2023-09-20,9.04,1622.27,27123.94,0.5213,20.28
2023-09-21,8.82,1583.86,26564.54,0.5073,19.44
2023-09-22,8.87,1593.03,26578.4,0.5122,19.42
2023-09-23,8.9,1593.85,26579.6,0.5077,19.5
2023-09-24,8.76,1580.64,26250.24,0.502,19.36
2023-09-25,8.96,1587.75,26296.08,0.5054,19.38
2023-09-26,9.04,1593.28,26208.44,0.5016,19.02
2023-09-27,8.94,1597.65,26357.62,0.4989,19.17
2023-09-28,9.27,1652.94,27027.14,0.5098,19.97
2023-09-29,9.17,1667.21,26907.0,0.5214,20.25
2023-09-30,9.22,1670.84,26961.0,0.5151,21.34
2023-10-01,9.76,1733.4,27995.46,0.524,23.92
2023-10-02,9.32,1662.62,27504.04,0.5123,23.44
2023-10-03,9.38,1656.91,27428.96,0.5391,23.61
2023-10-04,10.14,1646.58,27786.75,0.5328,23.1
2023-10-05,10.15,1611.63,27412.96,0.523,22.74
2023-10-06,10.69,1645.95,27945.17,0.5257,23.44
2023-10-07,10.33,1634.65,27976.43,0.5219,23.3
2023-10-08,10.06,1633.78,27933.55,0.5177,23.19
2023-10-09,9.55,1580.13,27596.67,0.5029,22.07
2023-10-10,9.51,1567.63,27393.29,0.4964,22.11
2023-10-11,9.29,1566.46,26869.19,0.4888,21.96
2023-10-12,9.16,1539.25,26750.51,0.483,21.27
2023-10-13,9.17,1552.04,26863.53,0.4851,21.86
2023-10-14,9.14,1554.87,26851.71,0.4867,21.99
2023-10-15,9.18,1558.01,27186.13,0.4874,21.92
2023-10-16,9.4,1600.02,28520.24,0.4978,23.99
2023-10-17,9.1,1565.24,28408.83,0.4913,23.92
2023-10-18,8.9,1563.67,28326.51,0.488,23.38
2023-10-19,9.1,1567.48,28735.34,0.5201,24.99
2023-10-20,9.25,1604.96,29684.73,0.515,27.06
2023-10-21,9.61,1629.38,29924.84,0.5211,29.24
2023-10-22,10.09,1664.43,30004.15,0.5229,29.05
2023-10-23,10.59,1766.27,33087.58,0.5479,32.03
2023-10-24,10.27,1785.28,33922.52,0.5591,30.17
2023-10-25,10.48,1787.58,34506.35,0.5556,32.42
2023-10-26,11.05,1803.57,34154.71,0.5536,32.78
2023-10-27,10.59,1779.81,33906.09,0.5431,31.7
2023-10-28,10.98,1776.48,34085.42,0.5449,31.65
2023-10-29,11.39,1795.74,34534.48,0.5564,32.88
2023-10-30,11.44,1809.69,34493.79,0.5785,34.94
2023-10-31,11.3,1815.14,34656.4,0.5999,38.39
2023-11-01,12.23,1847.74,35440.1,0.6091,41.14
2023-11-02,11.85,1801.31,34950.0,0.6053,40.25
2023-11-03,12.11,1833.76,34731.27,0.6124,39.42
2023-11-04,12.22,1857.23,35087.01,0.6154,42.42
2023-11-05,12.34,1893.16,35035.42,0.6614,41.14
2023-11-06,13.1,1901.68,35059.46,0.7149,42.11
2023-11-07,12.8,1885.93,35416.28,0.6855,42.93
2023-11-08,12.98,1888.84,35639.13,0.6873,43.06
2023-11-09,12.95,2121.3,36706.59,0.6668,45.22
2023-11-10,14.78,2078.57,37324.83,0.6596,56.69
2023-11-11,16.81,2053.83,37139.12,0.6628,56.4
2023-11-12,19.16,2046.06,37086.03,0.6616,56.23
2023-11-13,16.1,2053.99,36475.67,0.6702,51.6
2023-11-14,17.04,1979.61,35554.09,0.6295,56.84
2023-11-15,20.7,2059.38,37885.35,0.6484,65.45
2023-11-16,21.74,1961.76,36161.15,0.6119,57.8
2023-11-17,21.89,1961.57,36630.38,0.6135,58.51
2023-11-18,21.91,1963.76,36594.89,0.6111,58.36
2023-11-19,22.89,2012.29,37391.19,0.6272,61.15
2023-11-20,20.85,2022.55,37475.64,0.6126,56.45
2023-11-21,18.97,1933.45,35751.89,0.5788,51.63
2023-11-22,20.81,2063.94,37424.31,0.6116,57.57
2023-11-23,20.66,2062.78,37304.05,0.6208,56.52
2023-11-24,20.84,2082.61,37745.84,0.6216,56.63
2023-11-25,21.34,2084.02,37805.99,0.623,58.82
2023-11-26,21.04,2063.09,37462.79,0.616,57.52
2023-11-27,20.31,2027.47,37241.63,0.6039,55.04
2023-11-28,20.7,2049.08,37838.26,0.6109,58.25
2023-11-29,21.11,2029.11,37863.84,0.6092,59.38
2023-11-30,21.4,2053.1,37732.27,0.6065,59.28
2023-12-01,21.87,2088.4,38703.54,0.6129,59.75
2023-12-02,22.21,2165.76,39478.95,0.621,63.8
2023-12-03,21.99,2194.13,39984.81,0.6233,63.08
2023-12-04,22.7,2243.29,41987.24,0.6245,61.62
2023-12-05,24.54,2293.97,44084.39,0.6212,61.02
2023-12-06,26.23,2232.8,43764.05,0.6401,61.96
2023-12-07,26.29,2356.57,43280.95,0.6434,67.87
2023-12-08,30.44,2358.59,44192.87,0.6723,75.02
2023-12-09,31.9,2341.28,43723.25,0.6585,72.28
2023-12-10,37.16,2352.29,43793.68,0.6616,74.88
2023-12-11,38.02,2224.06,41229.61,0.6185,70.52
2023-12-12,37.56,2202.34,41477.39,0.6189,68.54
2023-12-13,39.06,2260.69,42885.54,0.6276,70.76
2023-12-14,39.29,2315.95,43027.77,0.6318,75.5
2023-12-15,39.77,2220.31,41933.89,0.6156,72.38
2023-12-16,42.33,2227.29,42237.29,0.62,73.7
2023-12-17,40.56,2194.75,41349.59,0.6098,71.0
2023-12-18,41.18,2218.71,42650.01,0.6125,74.55
2023-12-19,39.73,2177.27,42266.22,0.6044,73.01
2023-12-20,43.46,2202.0,43674.77,0.617,82.21
2023-12-21,45.99,2239.92,43875.32,0.6241,93.96
2023-12-22,45.26,2326.35,44013.73,0.6249,97.86
2023-12-23,48.28,2309.58,43726.35,0.6199,107.87
2023-12-24,47.74,2265.33,43025.03,0.6127,112.48
2023-12-25,48.31,2271.53,43589.67,0.6463,121.36
2023-12-26,44.54,2230.91,42515.53,0.622,112.47
2023-12-27,42.36,2380.66,43474.4,0.6348,106.72
2023-12-28,39.86,2344.94,42581.23,0.635,101.87
2023-12-29,40.13,2299.37,42063.45,0.623,106.34
2023-12-30,39.34,2291.15,42141.03,0.6206,101.73
2023-12-31,38.52,2281.07,42288.06,0.6154,101.61
2024-01-01,41.94,2352.76,44220.78,0.6299,109.9
2024-01-02,40.57,2356.16,44972.8,0.6247,106.62
2024-01-03,36.78,2210.49,42862.44,0.5826,98.47
2024-01-04,38.7,2269.47,44193.29,0.5874,104.87
2024-01-05,36.48,2270.35,44186.59,0.5763,100.0
2024-01-06,34.62,2241.87,43992.44,0.5684,93.77
2024-01-07,33.62,2222.69,43950.28,0.5515,89.52
2024-01-08,36.08,2332.51,46995.1,0.5782,97.9
2024-01-09,34.62,2344.93,46124.08,0.567,99.39
2024-01-10,38.58,2584.77,46666.11,0.6006,101.98
2024-01-11,39.3,2618.31,46342.66,0.6019,99.82
2024-01-12,35.93,2522.03,42773.03,0.5697,92.11
2024-01-13,36.49,2578.12,42839.33,0.5746,95.87
2024-01-14,35.25,2470.66,41697.33,0.5758,93.78
2024-01-15,35.75,2509.94,42490.16,0.5752,94.37
2024-01-16,35.59,2586.83,43130.45,0.5755,97.84
2024-01-17,36.1,2527.94,42739.49,0.568,102.38
2024-01-18,33.53,2468.82,41293.5,0.5516,94.2
2024-01-19,32.7,2490.13,41624.07,0.5438,93.56
2024-01-20,32.84,2470.44,41666.67,0.5531,92.77
2024-01-21,32.58,2455.52,41554.05,0.5462,91.23
2024-01-22,29.6,2311.34,39524.27,0.527,83.87
2024-01-23,30.63,2240.81,39878.3,0.5179,84.26
2024-01-24,31.19,2234.06,40077.78,0.518,88.74
2024-01-25,30.49,2217.3,39941.66,0.5136,86.7
2024-01-26,32.28,2267.34,41814.8,0.5321,92.11
2024-01-27,33.25,2268.07,42126.55,0.5303,94.3
2024-01-28,34.8,2256.51,42034.59,0.5241,95.95
2024-01-29,36.07,2317.42,43306.18,0.5351,101.86
2024-01-30,35.22,2342.96,42942.78,0.5109,101.47
2024-01-31,33.21,2281.6,42548.08,0.5029,97.2
2024-02-01,33.84,2303.61,43078.81,0.5058,97.73
2024-02-02,36.81,2308.03,43181.66,0.5103,100.68
2024-02-03,36.03,2295.97,43010.67,0.5186,97.74
2024-02-04,34.84,2288.82,42568.55,0.5028,95.43
2024-02-05,34.5,2298.91,42657.67,0.5062,95.59
2024-02-06,34.14,2372.09,43095.79,0.505,97.05
2024-02-07,35.32,2424.55,44343.61,0.5138,101.2
2024-02-08,35.46,2419.78,45305.2,0.5148,102.79
2024-02-09,38.0,2487.84,47160.41,0.5264,106.96
2024-02-10,40.27,2501.08,47767.06,0.5241,108.95
2024-02-11,39.64,2508.11,48316.3,0.5263,107.44
2024-02-12,40.96,2661.03,49941.81,0.5318,111.7
2024-02-13,39.74,2641.63,49725.36,0.5248,112.13
2024-02-14,42.35,2777.56,51858.59,0.5384,117.03
2024-02-15,41.55,2825.94,51934.29,0.5627,113.54
2024-02-16,40.25,2803.89,52162.64,0.5647,110.32
2024-02-17,39.77,2786.83,51666.22,0.5498,108.95
2024-02-18,40.33,2882.06,52153.63,0.5574,112.2
2024-02-19,39.61,2945.43,51787.05,0.5629,111.51
2024-02-20,38.53,3015.56,52277.52,0.5624,108.24
2024-02-21,37.57,2968.37,51851.67,0.5492,104.76
2024-02-22,36.78,2969.77,51258.7,0.5408,101.67
2024-02-23,35.92,2921.79,50747.05,0.5341,99.91
2024-02-24,36.77,2992.66,51570.65,0.545,104.03
2024-02-25,37.42,3113.17,51731.0,0.5426,103.24
2024-02-26,39.37,3178.34,54533.48,0.551,109.87
2024-02-27,39.26,3243.84,57077.07,0.5865,108.44
2024-02-28,40.41,3386.64,62518.9,0.5758,118.98
2024-02-29,40.95,3341.78,61179.03,0.5872,125.72
2024-03-01,42.65,3436.0,62436.72,0.6017,129.35
2024-03-02,44.35,3424.04,62045.78,0.6448,129.98
2024-03-03,42.57,3489.53,63154.49,0.627,130.23
2024-03-04,43.08,3633.23,68360.14,0.6488,133.08
2024-03-05,39.44,3557.41,63800.78,0.5921,125.73
2024-03-06,41.57,3821.82,66122.28,0.612,130.88
2024-03-07,43.24,3875.28,66938.21,0.6282,143.8
2024-03-08,42.57,3892.6,68289.16,0.6211,144.77
2024-03-09,42.9,3913.55,68480.0,0.6211,144.29
2024-03-10,42.02,3881.96,69032.12,0.6085,144.34
2024-03-11,49.09,4066.21,72110.98,0.7229,148.8
2024-03-12,55.47,3980.34,71475.93,0.6882,151.04
2024-03-13,54.79,4007.7,73135.04,0.6897,163.82
2024-03-14,54.03,3880.45,71364.58,0.6689,176.69
2024-03-15,58.4,3742.95,69506.88,0.6345,183.88
2024-03-16,53.5,3520.1,65254.22,0.6025,182.68
2024-03-17,58.42,3641.02,68343.64,0.6188,201.69
2024-03-18,60.63,3520.66,67613.04,0.6454,195.85
2024-03-19,53.61,3156.97,61906.27,0.5844,169.72
2024-03-20,56.93,3516.68,67858.8,0.6108,191.89
2024-03-21,53.8,3491.78,65484.7,0.6403,179.43
2024-03-22,53.43,3337.41,63814.56,0.6117,175.14
2024-03-23,53.33,3330.05,63998.86,0.6166,172.66
2024-03-24,55.71,3454.67,67204.93,0.6325,184.12
2024-03-25,57.73,3591.02,69890.28,0.6406,189.03
2024-03-26,55.76,3587.67,69992.4,0.6318,190.32
2024-03-27,54.14,3499.56,69435.96,0.6116,186.15
2024-03-28,54.57,3561.1,70801.18,0.6246,189.66
2024-03-29,53.34,3511.08,69903.75,0.6305,192.08
2024-03-30,52.93,3507.51,69626.87,0.6216,194.18
2024-03-31,54.07,3645.48,71288.9,0.6291,202.32
2024-04-01,51.18,3505.85,69681.82,0.6111,192.12
2024-04-02,46.88,3279.64,65464.14,0.5856,181.48
2024-04-03,45.86,3312.43,65987.92,0.5744,184.99
2024-04-04,46.44,3329.39,68525.23,0.5937,183.63
2024-04-05,45.21,3319.26,67856.51,0.5872,174.37
2024-04-06,48.22,3352.66,68919.89,0.5931,178.74
2024-04-07,49.29,3453.67,69350.34,0.5945,179.05
2024-04-08,49.83,3694.56,71622.53,0.6147,180.55
2024-04-09,46.42,3504.58,69117.01,0.6137,172.17
2024-04-10,47.08,3546.0,70634.04,0.6171,173.41
2024-04-11,46.05,3503.06,70020.73,0.6086,172.72
2024-04-12,39.3,3239.31,67148.61,0.5474,153.02
2024-04-13,33.86,3011.39,64024.77,0.4801,137.83
2024-04-14,37.13,3158.06,65777.05,0.5039,150.84
2024-04-15,35.06,3103.13,63452.18,0.4979,138.5
2024-04-16,34.7,3085.25,63814.94,0.4968,136.12
2024-04-17,33.47,2984.98,61279.36,0.4952,131.86
2024-04-18,34.78,3065.82,63513.85,0.503,141.57
2024-04-19,34.59,3057.93,63848.37,0.5033,142.48
2024-04-20,38.28,3157.01,64968.87,0.5291,151.25
2024-04-21,37.21,3148.1,64952.92,0.5246,148.95
2024-04-22,39.17,3201.46,66859.17,0.5561,157.03
2024-04-23,38.41,3219.49,66414.16,0.5445,154.73
2024-04-24,36.29,3138.91,64255.78,0.5273,147.51
2024-04-25,35.59,3155.36,64484.44,0.5252,144.82
2024-04-26,34.47,3130.0,63742.39,0.5258,139.55
2024-04-27,34.41,3253.04,63422.0,0.5177,141.43
2024-04-28,33.96,3262.6,63108.94,0.5104,138.02
2024-04-29,33.62,3230.52,62763.85,0.5096,136.43
