time,BTC-USD,ETH-USD,AVAX-USDT,SOL-USDT,XRP-USD
2023-01-02,16666.95,1213.69,11.16,11.28,
2023-01-03,16669.47,1214.21,11.38,13.31,
2023-01-04,16844.42,1256.34,12.09,13.4,
2023-01-05,16825.69,1250.88,11.75,13.38,
2023-01-06,16948.06,1268.84,11.78,13.48,
2023-01-07,16942.37,1263.94,11.75,13.07,
2023-01-08,17125.18,1289.92,12.09,14.46,
2023-01-09,17177.98,1320.02,12.22,16.27,
2023-01-10,17443.5,1335.56,12.73,16.19,
2023-01-11,17944.27,1389.24,15.85,16.37,
2023-01-12,18847.75,1416.05,15.42,16.59,
2023-01-13,19934.88,1451.78,15.95,18.29,
2023-01-14,20957.02,1550.06,16.94,24.24,
2023-01-15,20879.7,1552.89,16.81,22.89,
2023-01-16,21187.5,1576.85,16.6,23.57,
2023-01-17,21136.33,1565.68,17.18,22.85,
2023-01-18,20674.29,1510.83,15.81,20.79,
2023-01-19,21084.22,1550.98,16.17,21.4,
2023-01-20,22669.81,1658.25,17.54,25.51,
2023-01-21,22789.37,1626.8,16.84,24.56,
2023-01-22,22714.87,1627.88,17.38,24.21,
2023-01-23,22920.29,1626.55,17.94,24.32,
2023-01-24,22636.17,1556.09,16.96,22.76,
2023-01-25,23062.36,1612.54,17.87,24.54,
2023-01-26,23010.47,1601.1,18.12,24.34,
2023-01-27,23084.4,1598.18,21.16,24.41,
2023-01-28,23028.95,1572.3,20.53,24.0,
2023-01-29,23745.8,1644.89,21.04,26.06,
2023-01-30,22836.03,1566.23,19.65,23.97,
2023-01-31,23128.86,1585.39,19.81,23.92,
2023-02-01,23735.97,1642.05,20.97,25.05,
2023-02-02,23493.84,1643.19,21.22,24.3,
2023-02-03,23433.54,1663.69,21.35,24.67,
2023-02-04,23328.87,1666.83,21.03,24.26,
2023-02-05,22936.34,1629.37,20.07,23.5,
2023-02-06,22764.07,1614.5,19.57,22.67,
2023-02-07,23244.67,1671.28,20.84,23.89,
2023-02-08,22964.38,1650.65,20.1,23.25,
2023-02-09,21800.63,1545.54,17.88,20.47,
2023-02-10,21628.97,1513.04,17.82,20.19,
2023-02-11,21863.73,1538.86,18.01,20.82,
2023-02-12,21789.8,1515.25,17.78,21.5,
2023-02-13,21789.14,1506.29,17.61,20.75,
2023-02-14,22206.27,1556.67,18.14,21.88,
2023-02-15,24329.04,1674.88,19.95,23.89,
2023-02-16,23516.15,1637.83,18.59,22.25,
2023-02-17,24577.6,1694.37,19.53,23.19,
2023-02-18,24636.23,1691.82,19.54,23.44,
2023-02-19,24281.31,1680.23,19.82,24.85,
2023-02-20,24844.97,1703.63,20.94,26.24,
2023-02-21,24454.43,1659.76,20.98,24.98,
2023-02-22,24184.44,1642.95,20.34,24.21,
2023-02-23,23943.32,1650.62,19.62,23.88,
2023-02-24,23186.88,1607.57,18.33,23.08,
2023-02-25,23159.71,1594.51,17.9,22.38,
2023-02-26,23556.83,1641.41,18.37,23.27,
2023-02-27,23489.52,1633.26,17.9,22.68,
2023-02-28,23145.32,1605.4,17.06,21.9,
2023-03-01,23631.52,1665.2,17.82,22.52,
2023-03-02,23468.24,1647.87,17.37,21.94,
2023-03-03,22358.18,1569.54,16.66,21.43,
2023-03-04,22350.95,1566.72,16.15,21.02,
2023-03-05,22432.69,1564.81,16.15,20.95,
2023-03-06,22410.31,1565.85,16.53,20.62,
2023-03-07,22198.48,1561.67,16.18,20.24,
2023-03-08,21698.37,1532.17,15.15,18.42,
2023-03-09,20367.01,1437.41,14.43,17.34,
2023-03-10,20230.08,1432.15,14.83,18.14,
2023-03-11,20620.54,1483.68,14.43,18.05,
2023-03-12,22219.08,1592.31,16.18,20.16,
2023-03-13,24220.0,1681.93,16.47,20.4,
2023-03-14,24762.65,1704.95,17.12,20.85,
2023-03-15,24377.16,1656.8,15.59,19.21,
2023-03-16,25051.85,1677.24,15.85,19.67,
2023-03-17,27453.62,1793.66,17.66,21.59,
2023-03-18,26980.35,1763.68,17.0,21.2,
2023-03-19,28054.46,1786.4,17.52,21.88,
2023-03-20,27823.32,1739.42,16.63,22.14,
2023-03-21,28207.33,1807.23,17.39,22.53,
2023-03-22,27325.15,1739.18,16.71,21.38,
2023-03-23,28352.94,1817.49,17.61,22.19,
2023-03-24,27489.24,1751.93,16.95,20.66,
2023-03-25,27488.18,1743.8,16.89,20.4,
2023-03-26,27992.9,1775.86,17.13,20.94,
2023-03-27,27142.87,1716.42,16.44,19.89,
2023-03-28,27274.15,1773.7,16.72,20.47,
2023-03-29,28359.54,1793.41,17.33,21.1,
2023-03-30,28035.48,1793.68,17.25,20.56,
2023-03-31,28474.4,1822.01,17.81,21.16,
2023-04-01,28471.46,1821.73,17.84,21.08,
2023-04-02,28188.34,1795.37,17.23,20.46,
2023-04-03,27811.77,1810.92,17.11,20.46,
2023-04-04,28179.64,1871.36,17.68,20.93,
2023-04-05,28175.37,1908.9,18.0,20.98,
2023-04-06,28053.46,1873.29,17.99,20.61,
2023-04-07,27931.94,1865.02,17.59,20.41,
2023-04-08,27958.81,1850.06,17.45,20.03,
2023-04-09,28340.99,1859.84,17.6,20.29,
2023-04-10,29660.41,1911.23,17.94,20.9,
2023-04-11,30227.19,1891.82,18.2,23.0,
2023-04-12,29912.2,1918.91,18.19,23.85,
2023-04-13,30406.78,2013.98,18.82,24.42,
2023-04-14,30492.92,2101.85,19.2,24.72,
2023-04-15,30324.11,2092.45,19.07,24.04,
2023-04-16,30326.09,2120.07,20.17,25.36,
2023-04-17,29449.91,2075.63,20.5,24.57,
2023-04-18,30393.4,2104.61,21.19,24.74,
2023-04-19,28809.72,1934.8,18.9,22.65,
2023-04-20,28248.18,1943.16,18.4,22.19,
2023-04-21,27253.85,1848.16,16.93,21.28,
2023-04-22,27821.41,1874.48,17.2,21.76,
2023-04-23,27592.98,1861.9,16.82,21.45,
2023-04-24,27515.05,1842.17,16.9,21.36,
2023-04-25,28304.42,1866.23,17.67,21.97,
2023-04-26,28426.08,1866.73,17.13,21.21,
2023-04-27,29483.72,1908.92,17.65,22.36,
2023-04-28,29338.63,1892.54,17.52,23.4,
2023-04-29,29249.35,1908.96,17.49,23.18,
2023-04-30,29247.14,1870.76,17.11,22.72,
2023-05-01,28077.27,1831.41,16.61,21.96,
2023-05-02,28684.4,1871.26,16.82,22.28,
2023-05-03,29038.75,1905.89,17.22,22.24,
2023-05-04,28857.23,1878.01,16.94,21.73,
2023-05-05,29536.76,1995.76,17.44,22.82,
2023-05-06,28902.66,1900.12,16.58,21.9,
2023-05-07,28474.53,1873.27,16.35,21.65,
2023-05-08,27695.06,1849.11,15.42,20.59,
2023-05-09,27647.29,1847.7,15.36,20.66,
2023-05-10,27624.01,1842.47,15.53,20.93,
2023-05-11,26986.56,1795.24,14.92,20.15,
2023-05-12,26808.84,1808.35,15.2,20.98,
2023-05-13,26789.48,1795.99,14.93,20.8,
2023-05-14,26929.98,1800.03,14.99,20.94,
2023-05-15,27171.13,1816.79,15.12,20.97,
2023-05-16,27037.68,1824.64,14.87,20.61,
2023-05-17,27407.77,1822.49,15.14,21.06,
2023-05-18,26820.49,1800.61,14.67,20.33,
2023-05-19,26890.27,1812.84,14.67,20.34,
2023-05-20,27113.61,1819.96,14.62,20.28,
2023-05-21,26752.65,1805.28,14.33,19.61,
2023-05-22,26854.73,1817.76,14.68,19.55,
2023-05-23,27223.22,1854.41,14.67,20.03,
2023-05-24,26321.4,1799.75,14.11,19.23,
2023-05-25,26479.06,1805.83,14.05,19.22,
2023-05-26,26714.86,1828.43,14.33,19.37,
2023-05-27,26867.99,1830.67,14.53,20.39,
2023-05-28,28070.04,1909.25,14.9,20.82,
2023-05-29,27744.82,1893.2,14.44,20.57,
2023-05-30,27700.15,1901.11,14.42,21.26,
2023-05-31,27223.08,1874.04,14.09,20.82,
2023-06-01,26828.42,1862.43,14.05,20.49,
2023-06-02,27250.69,1907.41,14.5,21.27,
2023-06-03,27077.6,1892.62,14.57,21.2,
2023-06-04,27122.04,1890.23,14.74,21.77,
2023-06-05,25741.5,1811.21,13.88,19.99,
2023-06-06,27243.63,1884.95,14.62,20.38,
2023-06-07,26346.41,1832.49,14.0,18.63,
2023-06-08,26508.32,1845.99,13.91,18.87,
2023-06-09,26482.81,1840.46,13.75,17.25,
2023-06-10,25856.1,1752.32,11.72,15.65,
2023-06-11,25937.02,1753.1,11.52,15.5,
2023-06-12,25905.82,1742.66,11.5,15.2,
2023-06-13,25930.23,1739.54,11.79,15.03,
2023-06-14,25123.34,1650.84,11.4,14.43,
2023-06-15,25569.99,1665.28,11.4,14.7,
2023-06-16,26329.6,1716.8,11.51,15.33,
2023-06-17,26506.56,1727.09,11.62,15.64,
2023-06-18,26336.46,1720.43,11.3,15.48,
2023-06-19,26837.78,1736.58,11.46,16.1,
2023-06-20,28320.43,1792.86,12.11,16.62,
2023-06-21,29995.08,1889.57,12.9,17.22,
2023-06-22,29886.31,1872.13,12.68,16.63,
2023-06-23,30707.61,1893.66,13.21,17.13,
2023-06-24,30547.18,1875.87,13.05,16.63,
2023-06-25,30480.24,1899.73,13.41,16.86,
2023-06-26,30272.18,1859.19,13.17,16.25,
2023-06-27,30697.38,1889.82,13.15,16.55,
2023-06-28,30074.94,1827.37,12.32,15.94,
2023-06-29,30446.47,1852.11,12.66,18.05,
2023-06-30,30466.72,1933.57,13.07,18.86,
2023-07-01,30587.21,1924.14,13.0,18.67,
2023-07-02,30613.51,1937.26,13.11,19.41,
2023-07-03,31161.8,1955.76,13.25,19.28,
2023-07-04,30771.25,1936.42,13.03,19.16,
2023-07-05,30499.27,1910.14,12.65,18.97,
2023-07-06,29899.38,1845.8,12.36,19.6,
2023-07-07,30352.08,1870.93,12.73,21.49,
2023-07-08,30291.69,1865.56,13.67,21.8,
2023-07-09,30168.38,1863.01,13.56,21.34,
2023-07-10,30419.89,1880.62,13.42,21.31,
2023-07-11,30626.55,1878.66,13.26,22.03,
2023-07-12,30381.81,1871.65,12.98,21.93,
2023-07-13,31471.83,2005.95,14.12,26.05,0.8177
2023-07-14,30330.52,1938.91,14.61,26.63,0.7186
2023-07-15,30301.65,1931.9,14.85,27.46,0.715
2023-07-16,30247.64,1923.38,14.23,27.32,0.7475
2023-07-17,30143.08,1911.38,14.4,26.84,0.7377
2023-07-18,29861.93,1897.72,13.77,25.52,0.7787
2023-07-19,29916.72,1888.73,14.0,26.37,0.8201
2023-07-20,29809.13,1891.72,13.83,25.37,0.7946
2023-07-21,29907.98,1891.92,14.01,25.5,0.7716
2023-07-22,29795.03,1866.69,13.51,24.52,0.7329
2023-07-23,30081.61,1888.65,13.52,24.77,0.7382
2023-07-24,29176.98,1849.69,13.1,23.33,0.7022
2023-07-25,29225.14,1857.28,13.32,23.27,0.7088
2023-07-26,29353.23,1871.92,13.21,25.11,0.7162
2023-07-27,29214.92,1860.88,13.18,25.02,0.7136
2023-07-28,29316.15,1874.05,13.2,24.8,0.712
2023-07-29,29355.71,1880.71,13.22,25.17,0.7123
2023-07-30,29281.39,1861.65,13.11,24.16,0.7049
2023-07-31,29230.67,1856.0,12.78,23.68,0.6977
2023-08-01,29697.27,1872.89,12.9,24.04,0.7066
2023-08-02,29164.22,1838.92,12.52,23.12,0.6847
2023-08-03,29174.18,1834.34,12.43,22.65,0.6626
2023-08-04,29076.48,1827.3,12.41,22.75,0.6349
2023-08-05,29047.12,1834.66,12.45,22.64,0.6285
2023-08-06,29040.01,1827.5,12.6,23.2,0.6229
2023-08-07,29179.21,1826.9,12.44,23.11,0.623
2023-08-08,29770.01,1855.71,12.73,24.22,0.6418
2023-08-09,29562.76,1854.09,12.6,24.39,0.6431
2023-08-10,29424.03,1850.38,12.48,24.65,0.6324
2023-08-11,29400.45,1846.76,12.44,24.62,0.6309
2023-08-12,29416.96,1849.09,12.35,24.95,0.6272
2023-08-13,29275.94,1838.98,12.25,24.21,0.6251
2023-08-14,29405.49,1844.01,12.34,25.19,0.6336
2023-08-15,29170.14,1827.19,11.83,23.92,0.6097
2023-08-16,28700.51,1805.51,11.36,22.79,0.5883
2023-08-17,26627.57,1681.42,10.57,21.68,0.5067
2023-08-18,26048.89,1661.4,10.83,21.39,0.5062
2023-08-19,26096.42,1669.65,10.82,21.9,0.5199
2023-08-20,26189.14,1685.39,10.87,21.77,0.5383
2023-08-21,26125.18,1667.2,10.35,21.2,0.5245
2023-08-22,26042.11,1634.33,10.15,20.62,0.5208
2023-08-23,26427.54,1679.22,10.33,21.76,0.5303
2023-08-24,26163.49,1660.36,10.09,21.04,0.5183
2023-08-25,26049.39,1652.75,10.03,20.4,0.5256
2023-08-26,26009.61,1646.25,10.11,20.27,0.523
2023-08-27,26091.16,1657.51,10.17,20.75,0.5234
2023-08-28,26101.04,1651.94,10.38,20.59,0.5227
2023-08-29,27717.98,1729.34,10.77,21.81,0.5398
2023-08-30,27306.06,1705.47,10.39,20.8,0.5284
2023-08-31,25932.45,1645.58,10.02,19.74,0.511
2023-09-01,25794.88,1628.46,9.92,19.4,0.4979
2023-09-02,25867.83,1636.83,9.91,19.48,0.4989
2023-09-03,25969.83,1635.68,9.9,19.58,0.5047
2023-09-04,25816.13,1629.75,9.77,19.51,0.5085
2023-09-05,25783.91,1633.85,9.95,20.3,0.5054
2023-09-06,25747.63,1632.08,9.96,19.64,0.5029
2023-09-07,26276.3,1647.44,10.09,19.93,0.5049
2023-09-08,25906.34,1635.94,9.91,19.61,0.5049
2023-09-09,25897.82,1635.14,9.82,19.42,0.5039
2023-09-10,25831.76,1616.65,9.44,18.23,0.4968
2023-09-11,25152.14,1551.36,9.23,17.72,0.4743
2023-09-12,25840.61,1593.07,9.19,17.94,0.4803
2023-09-13,26226.65,1608.06,9.34,18.39,0.4834
2023-09-14,26532.76,1627.18,9.4,18.86,0.4892
2023-09-15,26602.42,1641.49,9.45,19.18,0.5006
2023-09-16,26569.69,1634.87,9.36,19.03,0.4999
2023-09-17,26530.95,1622.83,9.1,18.81,0.4927
2023-09-18,26764.49,1636.94,9.08,19.68,0.5032
2023-09-19,27216.13,1643.42,9.21,20.02,0.5141
2023-09-20,27123.94,1622.27,9.04,20.28,0.5213
2023-09-21,26564.54,1583.86,8.82,19.44,0.5073
2023-09-22,26578.4,1593.03,8.87,19.42,0.5122
2023-09-23,26579.6,1593.85,8.9,19.5,0.5077
2023-09-24,26250.24,1580.64,8.76,19.36,0.502
2023-09-25,26296.08,1587.75,8.96,19.38,0.5054
2023-09-26,26208.44,1593.28,9.04,19.02,0.5016
2023-09-27,26357.62,1597.65,8.94,19.17,0.4989
2023-09-28,27027.14,1652.94,9.27,19.97,0.5098
2023-09-29,26907.0,1667.21,9.17,20.25,0.5214
2023-09-30,26961.0,1670.84,9.22,21.34,0.5151
2023-10-01,27995.46,1733.4,9.76,23.92,0.524
2023-10-02,27504.04,1662.62,9.32,23.44,0.5123
2023-10-03,27428.96,1656.91,9.38,23.61,0.5391
2023-10-04,27786.75,1646.58,10.14,23.1,0.5328
2023-10-05,27412.96,1611.63,10.15,22.74,0.523
2023-10-06,27945.17,1645.95,10.69,23.44,0.5257
2023-10-07,27976.43,1634.65,10.33,23.3,0.5219
2023-10-08,27933.55,1633.78,10.06,23.19,0.5177
2023-10-09,27596.67,1580.13,9.55,22.07,0.5029
2023-10-10,27393.29,1567.63,9.51,22.11,0.4964
2023-10-11,26869.19,1566.46,9.29,21.96,0.4888
2023-10-12,26750.51,1539.25,9.16,21.27,0.483
2023-10-13,26863.53,1552.04,9.17,21.86,0.4851
2023-10-14,26851.71,1554.87,9.14,21.99,0.4867
2023-10-15,27186.13,1558.01,9.18,21.92,0.4874
2023-10-16,28520.24,1600.02,9.4,23.99,0.4978
2023-10-17,28408.83,1565.24,9.1,23.92,0.4913
2023-10-18,28326.51,1563.67,8.9,23.38,0.488
2023-10-19,28735.34,1567.48,9.1,24.99,0.5201
2023-10-20,29684.73,1604.96,9.25,27.06,0.515
2023-10-21,29924.84,1629.38,9.61,29.24,0.5211
2023-10-22,30004.15,1664.43,10.09,29.05,0.5229
2023-10-23,33087.58,1766.27,10.59,32.03,0.5479
2023-10-24,33922.52,1785.28,10.27,30.17,0.5591
2023-10-25,34506.35,1787.58,10.48,32.42,0.5556
2023-10-26,34154.71,1803.57,11.05,32.78,0.5536
2023-10-27,33906.09,1779.81,10.59,31.7,0.5431
2023-10-28,34085.42,1776.48,10.98,31.65,0.5449
2023-10-29,34534.48,1795.74,11.39,32.88,0.5564
2023-10-30,34493.79,1809.69,11.44,34.94,0.5785
2023-10-31,34656.4,1815.14,11.3,38.39,0.5999
2023-11-01,35440.1,1847.74,12.23,41.14,0.6091
2023-11-02,34950.0,1801.31,11.85,40.25,0.6053
2023-11-03,34731.27,1833.76,12.11,39.42,0.6124
2023-11-04,35087.01,1857.23,12.22,42.42,0.6154
2023-11-05,35035.42,1893.16,12.34,41.14,0.6614
2023-11-06,35059.46,1901.68,13.1,42.11,0.7149
2023-11-07,35416.28,1885.93,12.8,42.93,0.6855
2023-11-08,35639.13,1888.84,12.98,43.06,0.6873
2023-11-09,36706.59,2121.3,12.95,45.22,0.6668
2023-11-10,37324.83,2078.57,14.78,56.69,0.6596
2023-11-11,37139.12,2053.83,16.81,56.4,0.6628
2023-11-12,37086.03,2046.06,19.16,56.23,0.6616
2023-11-13,36475.67,2053.99,16.1,51.6,0.6702
2023-11-14,35554.09,1979.61,17.04,56.84,0.6295
2023-11-15,37885.35,2059.38,20.7,65.45,0.6484
2023-11-16,36161.15,1961.76,21.74,57.8,0.6119
2023-11-17,36630.38,1961.57,21.89,58.51,0.6135
2023-11-18,36594.89,1963.76,21.91,58.36,0.6111
2023-11-19,37391.19,2012.29,22.89,61.15,0.6272
2023-11-20,37475.64,2022.55,20.85,56.45,0.6126
2023-11-21,35751.89,1933.45,18.97,51.63,0.5788
2023-11-22,37424.31,2063.94,20.81,57.57,0.6116
2023-11-23,37304.05,2062.78,20.66,56.52,0.6208
2023-11-24,37745.84,2082.61,20.84,56.63,0.6216
2023-11-25,37805.99,2084.02,21.34,58.82,0.623
2023-11-26,37462.79,2063.09,21.04,57.52,0.616
2023-11-27,37241.63,2027.47,20.31,55.04,0.6039
2023-11-28,37838.26,2049.08,20.7,58.25,0.6109
2023-11-29,37863.84,2029.11,21.11,59.38,0.6092
2023-11-30,37732.27,2053.1,21.4,59.28,0.6065
2023-12-01,38703.54,2088.4,21.87,59.75,0.6129
2023-12-02,39478.95,2165.76,22.21,63.8,0.621
2023-12-03,39984.81,2194.13,21.99,63.08,0.6233
2023-12-04,41987.24,2243.29,22.7,61.62,0.6245
2023-12-05,44084.39,2293.97,24.54,61.02,0.6212
2023-12-06,43764.05,2232.8,26.23,61.96,0.6401
2023-12-07,43280.95,2356.57,26.29,67.87,0.6434
2023-12-08,44192.87,2358.59,30.44,75.02,0.6723
2023-12-09,43723.25,2341.28,31.9,72.28,0.6585
2023-12-10,43793.68,2352.29,37.16,74.88,0.6616
2023-12-11,41229.61,2224.06,38.02,70.52,0.6185
2023-12-12,41477.39,2202.34,37.56,68.54,0.6189
2023-12-13,42885.54,2260.69,39.06,70.76,0.6276
2023-12-14,43027.77,2315.95,39.29,75.5,0.6318
2023-12-15,41933.89,2220.31,39.77,72.38,0.6156
2023-12-16,42237.29,2227.29,42.33,73.7,0.62
2023-12-17,41349.59,2194.75,40.56,71.0,0.6098
2023-12-18,42650.01,2218.71,41.18,74.55,0.6125
2023-12-19,42266.22,2177.27,39.73,73.01,0.6044
2023-12-20,43674.77,2202.0,43.46,82.21,0.617
2023-12-21,43875.32,2239.92,45.99,93.96,0.6241
2023-12-22,44013.73,2326.35,45.26,97.86,0.6249
2023-12-23,43726.35,2309.58,48.28,107.87,0.6199
2023-12-24,43025.03,2265.33,47.74,112.48,0.6127
2023-12-25,43589.67,2271.53,48.31,121.36,0.6463
2023-12-26,42515.53,2230.91,44.54,112.47,0.622
2023-12-27,43474.4,2380.66,42.36,106.72,0.6348
2023-12-28,42581.23,2344.94,39.86,101.87,0.635
2023-12-29,42063.45,2299.37,40.13,106.34,0.623
2023-12-30,42141.03,2291.15,39.34,101.73,0.6206
2023-12-31,42288.06,2281.07,38.52,101.61,0.6154
2024-01-01,44220.78,2352.76,41.94,109.9,0.6299
2024-01-02,44972.8,2356.16,40.57,106.62,0.6247
2024-01-03,42862.44,2210.49,36.78,98.47,0.5826
2024-01-04,44193.29,2269.47,38.7,104.87,0.5874
2024-01-05,44186.59,2270.35,36.48,100.0,0.5763
2024-01-06,43992.44,2241.87,34.62,93.77,0.5684
2024-01-07,43950.28,2222.69,33.62,89.52,0.5515
2024-01-08,46995.1,2332.51,36.08,97.9,0.5782
2024-01-09,46124.08,2344.93,34.62,99.39,0.567
2024-01-10,46666.11,2584.77,38.58,101.98,0.6006
2024-01-11,46342.66,2618.31,39.3,99.82,0.6019
2024-01-12,42773.03,2522.03,35.93,92.11,0.5697
2024-01-13,42839.33,2578.12,36.49,95.87,0.5746
2024-01-14,41697.33,2470.66,35.25,93.78,0.5758
2024-01-15,42490.16,2509.94,35.75,94.37,0.5752
2024-01-16,43130.45,2586.83,35.59,97.84,0.5755
2024-01-17,42739.49,2527.94,36.1,102.38,0.568
2024-01-18,41293.5,2468.82,33.53,94.2,0.5516
2024-01-19,41624.07,2490.13,32.7,93.56,0.5438
2024-01-20,41666.67,2470.44,32.84,92.77,0.5531
2024-01-21,41554.05,2455.52,32.58,91.23,0.5462
2024-01-22,39524.27,2311.34,29.6,83.87,0.527
2024-01-23,39878.3,2240.81,30.63,84.26,0.5179
2024-01-24,40077.78,2234.06,31.19,88.74,0.518
2024-01-25,39941.66,2217.3,30.49,86.7,0.5136
2024-01-26,41814.8,2267.34,32.28,92.11,0.5321
2024-01-27,42126.55,2268.07,33.25,94.3,0.5303
2024-01-28,42034.59,2256.51,34.8,95.95,0.5241
2024-01-29,43306.18,2317.42,36.07,101.86,0.5351
2024-01-30,42942.78,2342.96,35.22,101.47,0.5109
2024-01-31,42548.08,2281.6,33.21,97.2,0.5029
2024-02-01,43078.81,2303.61,33.84,97.73,0.5058
2024-02-02,43181.66,2308.03,36.81,100.68,0.5103
2024-02-03,43010.67,2295.97,36.03,97.74,0.5186
2024-02-04,42568.55,2288.82,34.84,95.43,0.5028
2024-02-05,42657.67,2298.91,34.5,95.59,0.5062
2024-02-06,43095.79,2372.09,34.14,97.05,0.505
2024-02-07,44343.61,2424.55,35.32,101.2,0.5138
2024-02-08,45305.2,2419.78,35.46,102.79,0.5148
2024-02-09,47160.41,2487.84,38.0,106.96,0.5264
2024-02-10,47767.06,2501.08,40.27,108.95,0.5241
2024-02-11,48316.3,2508.11,39.64,107.44,0.5263
2024-02-12,49941.81,2661.03,40.96,111.7,0.5318
2024-02-13,49725.36,2641.63,39.74,112.13,0.5248
2024-02-14,51858.59,2777.56,42.35,117.03,0.5384
2024-02-15,51934.29,2825.94,41.55,113.54,0.5627
2024-02-16,52162.64,2803.89,40.25,110.32,0.5647
2024-02-17,51666.22,2786.83,39.77,108.95,0.5498
2024-02-18,52153.63,2882.06,40.33,112.2,0.5574
2024-02-19,51787.05,2945.43,39.61,111.51,0.5629
2024-02-20,52277.52,3015.56,38.53,108.24,0.5624
2024-02-21,51851.67,2968.37,37.57,104.76,0.5492
2024-02-22,51258.7,2969.77,36.78,101.67,0.5408
2024-02-23,50747.05,2921.79,35.92,99.91,0.5341
2024-02-24,51570.65,2992.66,36.77,104.03,0.545
2024-02-25,51731.0,3113.17,37.42,103.24,0.5426
2024-02-26,54533.48,3178.34,39.37,109.87,0.551
2024-02-27,57077.07,3243.84,39.26,108.44,0.5865
2024-02-28,62518.9,3386.64,40.41,118.98,0.5758
2024-02-29,61179.03,3341.78,40.95,125.72,0.5872
2024-03-01,62436.72,3436.0,42.65,129.35,0.6017
2024-03-02,62045.78,3424.04,44.35,129.98,0.6448
2024-03-03,63154.49,3489.53,42.57,130.23,0.627
2024-03-04,68360.14,3633.23,43.08,133.08,0.6488
2024-03-05,63800.78,3557.41,39.44,125.73,0.5921
2024-03-06,66122.28,3821.82,41.57,130.88,0.612
2024-03-07,66938.21,3875.28,43.24,143.8,0.6282
2024-03-08,68289.16,3892.6,42.57,144.77,0.6211
2024-03-09,68480.0,3913.55,42.9,144.29,0.6211
2024-03-10,69032.12,3881.96,42.02,144.34,0.6085
2024-03-11,72110.98,4066.21,49.09,148.8,0.7229
2024-03-12,71475.93,3980.34,55.47,151.04,0.6882
2024-03-13,73135.04,4007.7,54.79,163.82,0.6897
2024-03-14,71364.58,3880.45,54.03,176.69,0.6689
2024-03-15,69506.88,3742.95,58.4,183.88,0.6345
2024-03-16,65254.22,3520.1,53.5,182.68,0.6025
2024-03-17,68343.64,3641.02,58.42,201.69,0.6188
2024-03-18,67613.04,3520.66,60.63,195.85,0.6454
2024-03-19,61906.27,3156.97,53.61,169.72,0.5844
2024-03-20,67858.8,3516.68,56.93,191.89,0.6108
2024-03-21,65484.7,3491.78,53.8,179.43,0.6403
2024-03-22,63814.56,3337.41,53.43,175.14,0.6117
2024-03-23,63998.86,3330.05,53.33,172.66,0.6166
2024-03-24,67204.93,3454.67,55.71,184.12,0.6325
2024-03-25,69890.28,3591.02,57.73,189.03,0.6406
2024-03-26,69992.4,3587.67,55.76,190.32,0.6318
2024-03-27,69435.96,3499.56,54.14,186.15,0.6116
2024-03-28,70801.18,3561.1,54.57,189.66,0.6246
2024-03-29,69903.75,3511.08,53.34,192.08,0.6305
2024-03-30,69626.87,3507.51,52.93,194.18,0.6216
2024-03-31,71288.9,3645.48,54.07,202.32,0.6291
2024-04-01,69681.82,3505.85,51.18,192.12,0.6111
2024-04-02,65464.14,3279.64,46.88,181.48,0.5856
2024-04-03,65987.92,3312.43,45.86,184.99,0.5744
2024-04-04,68525.23,3329.39,46.44,183.63,0.5937
2024-04-05,67856.51,3319.26,45.21,174.37,0.5872
2024-04-06,68919.89,3352.66,48.22,178.74,0.5931
2024-04-07,69350.34,3453.67,49.29,179.05,0.5945
2024-04-08,71622.53,3694.56,49.83,180.55,0.6147
2024-04-09,69117.01,3504.58,46.42,172.17,0.6137
2024-04-10,70634.04,3546.0,47.08,173.41,0.6171
2024-04-11,70020.73,3503.06,46.05,172.72,0.6086
2024-04-12,67148.61,3239.31,39.3,153.02,0.5474
2024-04-13,64024.77,3011.39,33.86,137.83,0.4801
2024-04-14,65777.05,3158.06,37.13,150.84,0.5039
2024-04-15,63452.18,3103.13,35.06,138.5,0.4979
2024-04-16,63814.94,3085.25,34.7,136.12,0.4968
2024-04-17,61279.36,2984.98,33.47,131.86,0.4952
2024-04-18,63513.85,3065.82,34.78,141.57,0.503
2024-04-19,63848.37,3057.93,34.59,142.48,0.5033
2024-04-20,64968.87,3157.01,38.28,151.25,0.5291
2024-04-21,64952.92,3148.1,37.21,148.95,0.5246
2024-04-22,66859.17,3201.46,39.17,157.03,0.5561
2024-04-23,66414.16,3219.49,38.41,154.73,0.5445
2024-04-24,64255.78,3138.91,36.29,147.51,0.5273
2024-04-25,64484.44,3155.36,35.59,144.82,0.5252
2024-04-26,63742.39,3130.0,34.47,139.55,0.5258
2024-04-27,63422.0,3253.04,34.41,141.43,0.5177
2024-04-28,63108.94,3262.6,33.96,138.02,0.5104
2024-04-29,62629.87,3199.35,33.59,136.3,0.5069
