time,ETH-USD,BTC-USD,SOL-USDT
2023-01-02,1213.69,16666.95,11.28
2023-01-03,1214.21,16669.47,13.31
2023-01-04,1256.34,16844.42,13.4
2023-01-05,1250.88,16825.69,13.38
2023-01-06,1268.84,16948.06,13.48
2023-01-07,1263.94,16942.37,13.07
2023-01-08,1289.92,17125.18,14.46
2023-01-09,1320.02,17177.98,16.27
2023-01-10,1335.56,17443.5,16.19
2023-01-11,1389.24,17944.27,16.37
2023-01-12,1416.05,18847.75,16.59
2023-01-13,1451.78,19934.88,18.29
2023-01-14,1550.06,20957.02,24.24
2023-01-15,1552.89,20879.7,22.89
2023-01-16,1576.85,21187.5,23.57
2023-01-17,1565.68,21136.33,22.85
2023-01-18,1510.83,20674.29,20.79
2023-01-19,1550.98,21084.22,21.4
2023-01-20,1658.25,22669.81,25.51
2023-01-21,1626.8,22789.37,24.56
2023-01-22,1627.88,22714.87,24.21
2023-01-23,1626.55,22920.29,24.32
2023-01-24,1556.09,22636.17,22.76
2023-01-25,1612.54,23062.36,24.54
2023-01-26,1601.1,23010.47,24.34
2023-01-27,1598.18,23084.4,24.41
2023-01-28,1572.3,23028.95,24.0
2023-01-29,1644.89,23745.8,26.06
2023-01-30,1566.23,22836.03,23.97
2023-01-31,1585.39,23128.86,23.92
2023-02-01,1642.05,23735.97,25.05
2023-02-02,1643.19,23493.84,24.3
2023-02-03,1663.69,23433.54,24.67
2023-02-04,1666.83,23328.87,24.26
2023-02-05,1629.37,22936.34,23.5
2023-02-06,1614.5,22764.07,22.67
2023-02-07,1671.28,23244.67,23.89
2023-02-08,1650.65,22964.38,23.25
2023-02-09,1545.54,21800.63,20.47
2023-02-10,1513.04,21628.97,20.19
2023-02-11,1538.86,21863.73,20.82
2023-02-12,1515.25,21789.8,21.5
2023-02-13,1506.29,21789.14,20.75
2023-02-14,1556.67,22206.27,21.88
2023-02-15,1674.88,24329.04,23.89
2023-02-16,1637.83,23516.15,22.25
2023-02-17,1694.37,24577.6,23.19
2023-02-18,1691.82,24636.23,23.44
2023-02-19,1680.23,24281.31,24.85
2023-02-20,1703.63,24844.97,26.24
2023-02-21,1659.76,24454.43,24.98
2023-02-22,1642.95,24184.44,24.21
2023-02-23,1650.62,23943.32,23.88
2023-02-24,1607.57,23186.88,23.08
2023-02-25,1594.51,23159.71,22.38
2023-02-26,1641.41,23556.83,23.27
2023-02-27,1633.26,23489.52,22.68
2023-02-28,1605.4,23145.32,21.9
2023-03-01,1665.2,23631.52,22.52
2023-03-02,1647.87,23468.24,21.94
2023-03-03,1569.54,22358.18,21.43
2023-03-04,1566.72,22350.95,21.02
2023-03-05,1564.81,22432.69,20.95
2023-03-06,1565.85,22410.31,20.62
2023-03-07,1561.67,22198.48,20.24
2023-03-08,1532.17,21698.37,18.42
2023-03-09,1437.41,20367.01,17.34
2023-03-10,1432.15,20230.08,18.14
2023-03-11,1483.68,20620.54,18.05
2023-03-12,1592.31,22219.08,20.16
2023-03-13,1681.93,24220.0,20.4
2023-03-14,1704.95,24762.65,20.85
2023-03-15,1656.8,24377.16,19.21
2023-03-16,1677.24,25051.85,19.67
2023-03-17,1793.66,27453.62,21.59
2023-03-18,1763.68,26980.35,21.2
2023-03-19,1786.4,28054.46,21.88
2023-03-20,1739.42,27823.32,22.14
2023-03-21,1807.23,28207.33,22.53
2023-03-22,1739.18,27325.15,21.38
2023-03-23,1817.49,28352.94,22.19
2023-03-24,1751.93,27489.24,20.66
2023-03-25,1743.8,27488.18,20.4
2023-03-26,1775.86,27992.9,20.94
2023-03-27,1716.42,27142.87,19.89
2023-03-28,1773.7,27274.15,20.47
2023-03-29,1793.41,28359.54,21.1
2023-03-30,1793.68,28035.48,20.56
2023-03-31,1822.01,28474.4,21.16
2023-04-01,1821.73,28471.46,21.08
2023-04-02,1795.37,28188.34,20.46
2023-04-03,1810.92,27811.77,20.46
2023-04-04,1871.36,28179.64,20.93
2023-04-05,1908.9,28175.37,20.98
2023-04-06,1873.29,28053.46,20.61
2023-04-07,1865.02,27931.94,20.41
2023-04-08,1850.06,27958.81,20.03
2023-04-09,1859.84,28340.99,20.29
2023-04-10,1911.23,29660.41,20.9
2023-04-11,1891.82,30227.19,23.0
2023-04-12,1918.91,29912.2,23.85
2023-04-13,2013.98,30406.78,24.42
2023-04-14,2101.85,30492.92,24.72
2023-04-15,2092.45,30324.11,24.04
2023-04-16,2120.07,30326.09,25.36
2023-04-17,2075.63,29449.91,24.57
2023-04-18,2104.61,30393.4,24.74
2023-04-19,1934.8,28809.72,22.65
2023-04-20,1943.16,28248.18,22.19
2023-04-21,1848.16,27253.85,21.28
2023-04-22,1874.48,27821.41,21.76
2023-04-23,1861.9,27592.98,21.45
2023-04-24,1842.17,27515.05,21.36
2023-04-25,1866.23,28304.42,21.97
2023-04-26,1866.73,28426.08,21.21
2023-04-27,1908.92,29483.72,22.36
2023-04-28,1892.54,29338.63,23.4
2023-04-29,1908.96,29249.35,23.18
2023-04-30,1870.76,29247.14,22.72
2023-05-01,1831.41,28077.27,21.96
2023-05-02,1871.26,28684.4,22.28
2023-05-03,1905.89,29038.75,22.24
2023-05-04,1878.01,28857.23,21.73
2023-05-05,1995.76,29536.76,22.82
2023-05-06,1900.12,28902.66,21.9
2023-05-07,1873.27,28474.53,21.65
2023-05-08,1849.11,27695.06,20.59
2023-05-09,1847.7,27647.29,20.66
2023-05-10,1842.47,27624.01,20.93
2023-05-11,1795.24,26986.56,20.15
2023-05-12,1808.35,26808.84,20.98
2023-05-13,1795.99,26789.48,20.8
2023-05-14,1800.03,26929.98,20.94
2023-05-15,1816.79,27171.13,20.97
2023-05-16,1824.64,27037.68,20.61
2023-05-17,1822.49,27407.77,21.06
2023-05-18,1800.61,26820.49,20.33
2023-05-19,1812.84,26890.27,20.34
2023-05-20,1819.96,27113.61,20.28
2023-05-21,1805.28,26752.65,19.61
2023-05-22,1817.76,26854.73,19.55
2023-05-23,1854.41,27223.22,20.03
2023-05-24,1799.75,26321.4,19.23
2023-05-25,1805.83,26479.06,19.22
2023-05-26,1828.43,26714.86,19.37
2023-05-27,1830.67,26867.99,20.39
2023-05-28,1909.25,28070.04,20.82
2023-05-29,1893.2,27744.82,20.57
2023-05-30,1901.11,27700.15,21.26
2023-05-31,1874.04,27223.08,20.82
2023-06-01,1862.43,26828.42,20.49
2023-06-02,1907.41,27250.69,21.27
2023-06-03,1892.62,27077.6,21.2
2023-06-04,1890.23,27122.04,21.77
2023-06-05,1811.21,25741.5,19.99
2023-06-06,1884.95,27243.63,20.38
2023-06-07,1832.49,26346.41,18.63
2023-06-08,1845.99,26508.32,18.87
2023-06-09,1840.46,26482.81,17.25
2023-06-10,1752.32,25856.1,15.65
2023-06-11,1753.1,25937.02,15.5
2023-06-12,1742.66,25905.82,15.2
2023-06-13,1739.54,25930.23,15.03
2023-06-14,1650.84,25123.34,14.43
2023-06-15,1665.28,25569.99,14.7
2023-06-16,1716.8,26329.6,15.33
2023-06-17,1727.09,26506.56,15.64
2023-06-18,1720.43,26336.46,15.48
2023-06-19,1736.58,26837.78,16.1
2023-06-20,1792.86,28320.43,16.62
2023-06-21,1889.57,29995.08,17.22
2023-06-22,1872.13,29886.31,16.63
2023-06-23,1893.66,30707.61,17.13
2023-06-24,1875.87,30547.18,16.63
2023-06-25,1899.73,30480.24,16.86
2023-06-26,1859.19,30272.18,16.25
2023-06-27,1889.82,30697.38,16.55
2023-06-28,1827.37,30074.94,15.94
2023-06-29,1852.11,30446.47,18.05
2023-06-30,1933.57,30466.72,18.86
2023-07-01,1924.14,30587.21,18.67
2023-07-02,1937.26,30613.51,19.41
2023-07-03,1955.76,31161.8,19.28
2023-07-04,1936.42,30771.25,19.16
2023-07-05,1910.14,30499.27,18.97
2023-07-06,1845.8,29899.38,19.6
2023-07-07,1870.93,30352.08,21.49
2023-07-08,1865.56,30291.69,21.8
2023-07-09,1863.01,30168.38,21.34
2023-07-10,1880.62,30419.89,21.31
2023-07-11,1878.66,30626.55,22.03
2023-07-12,1871.65,30381.81,21.93
2023-07-13,2005.95,31471.83,26.05
2023-07-14,1938.91,30330.52,26.63
2023-07-15,1931.9,30301.65,27.46
2023-07-16,1923.38,30247.64,27.32
2023-07-17,1911.38,30143.08,26.84
2023-07-18,1897.72,29861.93,25.52
2023-07-19,1888.73,29916.72,26.37
2023-07-20,1891.72,29809.13,25.37
2023-07-21,1891.92,29907.98,25.5
2023-07-22,1866.69,29795.03,24.52
2023-07-23,1888.65,30081.61,24.77
2023-07-24,1849.69,29176.98,23.33
2023-07-25,1857.28,29225.14,23.27
2023-07-26,1871.92,29353.23,25.11
2023-07-27,1860.88,29214.92,25.02
2023-07-28,1874.05,29316.15,24.8
2023-07-29,1880.71,29355.71,25.17
2023-07-30,1861.65,29281.39,24.16
2023-07-31,1856.0,29230.67,23.68
2023-08-01,1872.89,29697.27,24.04
2023-08-02,1838.92,29164.22,23.12
2023-08-03,1834.34,29174.18,22.65
2023-08-04,1827.3,29076.48,22.75
2023-08-05,1834.66,29047.12,22.64
2023-08-06,1827.5,29040.01,23.2
2023-08-07,1826.9,29179.21,23.11
2023-08-08,1855.71,29770.01,24.22
2023-08-09,1854.09,29562.76,24.39
2023-08-10,1850.38,29424.03,24.65
2023-08-11,1846.76,29400.45,24.62
2023-08-12,1849.09,29416.96,24.95
2023-08-13,1838.98,29275.94,24.21
2023-08-14,1844.01,29405.49,25.19
2023-08-15,1827.19,29170.14,23.92
2023-08-16,1805.51,28700.51,22.79
2023-08-17,1681.42,26627.57,21.68
2023-08-18,1661.4,26048.89,21.39
2023-08-19,1669.65,26096.42,21.9
2023-08-20,1685.39,26189.14,21.77
2023-08-21,1667.2,26125.18,21.2
2023-08-22,1634.33,26042.11,20.62
2023-08-23,1679.22,26427.54,21.76
2023-08-24,1660.36,26163.49,21.04
2023-08-25,1652.75,26049.39,20.4
2023-08-26,1646.25,26009.61,20.27
2023-08-27,1657.51,26091.16,20.75
2023-08-28,1651.94,26101.04,20.59
2023-08-29,1729.34,27717.98,21.81
2023-08-30,1705.47,27306.06,20.8
2023-08-31,1645.58,25932.45,19.74
2023-09-01,1628.46,25794.88,19.4
2023-09-02,1636.83,25867.83,19.48
2023-09-03,1635.68,25969.83,19.58
2023-09-04,1629.75,25816.13,19.51
2023-09-05,1633.85,25783.91,20.3
2023-09-06,1632.08,25747.63,19.64
2023-09-07,1647.44,26276.3,19.93
2023-09-08,1635.94,25906.34,19.61
2023-09-09,1635.14,25897.82,19.42
2023-09-10,1616.65,25831.76,18.23
2023-09-11,1551.36,25152.14,17.72
2023-09-12,1593.07,25840.61,17.94
2023-09-13,1608.06,26226.65,18.39
2023-09-14,1627.18,26532.76,18.86
2023-09-15,1641.49,26602.42,19.18
2023-09-16,1634.87,26569.69,19.03
2023-09-17,1622.83,26530.95,18.81
2023-09-18,1636.94,26764.49,19.68
2023-09-19,1643.42,27216.13,20.02
2023-09-20,1622.27,27123.94,20.28
2023-09-21,1583.86,26564.54,19.44
2023-09-22,1593.03,26578.4,19.42
2023-09-23,1593.85,26579.6,19.5
2023-09-24,1580.64,26250.24,19.36
2023-09-25,1587.75,26296.08,19.38
2023-09-26,1593.28,26208.44,19.02
2023-09-27,1597.65,26357.62,19.17
2023-09-28,1652.94,27027.14,19.97
2023-09-29,1667.21,26907.0,20.25
2023-09-30,1670.84,26961.0,21.34
2023-10-01,1733.4,27995.46,23.92
2023-10-02,1662.62,27504.04,23.44
2023-10-03,1656.91,27428.96,23.61
2023-10-04,1646.58,27786.75,23.1
2023-10-05,1611.63,27412.96,22.74
2023-10-06,1645.95,27945.17,23.44
2023-10-07,1634.65,27976.43,23.3
2023-10-08,1633.78,27933.55,23.19
2023-10-09,1580.13,27596.67,22.07
2023-10-10,1567.63,27393.29,22.11
2023-10-11,1566.46,26869.19,21.96
2023-10-12,1539.25,26750.51,21.27
2023-10-13,1552.04,26863.53,21.86
2023-10-14,1554.87,26851.71,21.99
2023-10-15,1558.01,27186.13,21.92
2023-10-16,1600.02,28520.24,23.99
2023-10-17,1565.24,28408.83,23.92
2023-10-18,1563.67,28326.51,23.38
2023-10-19,1567.48,28735.34,24.99
2023-10-20,1604.96,29684.73,27.06
2023-10-21,1629.38,29924.84,29.24
2023-10-22,1664.43,30004.15,29.05
2023-10-23,1766.27,33087.58,32.03
2023-10-24,1785.28,33922.52,30.17
2023-10-25,1787.58,34506.35,32.42
2023-10-26,1803.57,34154.71,32.78
2023-10-27,1779.81,33906.09,31.7
2023-10-28,1776.48,34085.42,31.65
2023-10-29,1795.74,34534.48,32.88
2023-10-30,1809.69,34493.79,34.94
2023-10-31,1815.14,34656.4,38.39
2023-11-01,1847.74,35440.1,41.14
2023-11-02,1801.31,34950.0,40.25
2023-11-03,1833.76,34731.27,39.42
2023-11-04,1857.23,35087.01,42.42
2023-11-05,1893.16,35035.42,41.14
2023-11-06,1901.68,35059.46,42.11
2023-11-07,1885.93,35416.28,42.93
2023-11-08,1888.84,35639.13,43.06
2023-11-09,2121.3,36706.59,45.22
2023-11-10,2078.57,37324.83,56.69
2023-11-11,2053.83,37139.12,56.4
2023-11-12,2046.06,37086.03,56.23
2023-11-13,2053.99,36475.67,51.6
2023-11-14,1979.61,35554.09,56.84
2023-11-15,2059.38,37885.35,65.45
2023-11-16,1961.76,36161.15,57.8
2023-11-17,1961.57,36630.38,58.51
2023-11-18,1963.76,36594.89,58.36
2023-11-19,2012.29,37391.19,61.15
2023-11-20,2022.55,37475.64,56.45
2023-11-21,1933.45,35751.89,51.63
2023-11-22,2063.94,37424.31,57.57
2023-11-23,2062.78,37304.05,56.52
2023-11-24,2082.61,37745.84,56.63
2023-11-25,2084.02,37805.99,58.82
2023-11-26,2063.09,37462.79,57.52
2023-11-27,2027.47,37241.63,55.04
2023-11-28,2049.08,37838.26,58.25
2023-11-29,2029.11,37863.84,59.38
2023-11-30,2053.1,37732.27,59.28
2023-12-01,2088.4,38703.54,59.75
2023-12-02,2165.76,39478.95,63.8
2023-12-03,2194.13,39984.81,63.08
2023-12-04,2243.29,41987.24,61.62
2023-12-05,2293.97,44084.39,61.02
2023-12-06,2232.8,43764.05,61.96
2023-12-07,2356.57,43280.95,67.87
2023-12-08,2358.59,44192.87,75.02
2023-12-09,2341.28,43723.25,72.28
2023-12-10,2352.29,43793.68,74.88
2023-12-11,2224.06,41229.61,70.52
2023-12-12,2202.34,41477.39,68.54
2023-12-13,2260.69,42885.54,70.76
2023-12-14,2315.95,43027.77,75.5
2023-12-15,2220.31,41933.89,72.38
2023-12-16,2227.29,42237.29,73.7
2023-12-17,2194.75,41349.59,71.0
2023-12-18,2218.71,42650.01,74.55
2023-12-19,2177.27,42266.22,73.01
2023-12-20,2202.0,43674.77,82.21
2023-12-21,2239.92,43875.32,93.96
2023-12-22,2326.35,44013.73,97.86
2023-12-23,2309.58,43726.35,107.87
2023-12-24,2265.33,43025.03,112.48
2023-12-25,2271.53,43589.67,121.36
2023-12-26,2230.91,42515.53,112.47
2023-12-27,2380.66,43474.4,106.72
2023-12-28,2344.94,42581.23,101.87
2023-12-29,2299.37,42063.45,106.34
2023-12-30,2291.15,42141.03,101.73
2023-12-31,2281.07,42288.06,101.61
2024-01-01,2352.76,44220.78,109.9
2024-01-02,2356.16,44972.8,106.62
2024-01-03,2210.49,42862.44,98.47
2024-01-04,2269.47,44193.29,104.87
2024-01-05,2270.35,44186.59,100.0
2024-01-06,2241.87,43992.44,93.77
2024-01-07,2222.69,43950.28,89.52
2024-01-08,2332.51,46995.1,97.9
2024-01-09,2344.93,46124.08,99.39
2024-01-10,2584.77,46666.11,101.98
2024-01-11,2618.31,46342.66,99.82
2024-01-12,2522.03,42773.03,92.11
2024-01-13,2578.12,42839.33,95.87
2024-01-14,2470.66,41697.33,93.78
2024-01-15,2509.94,42490.16,94.37
2024-01-16,2586.83,43130.45,97.84
2024-01-17,2527.94,42739.49,102.38
2024-01-18,2468.82,41293.5,94.2
2024-01-19,2490.13,41624.07,93.56
2024-01-20,2470.44,41666.67,92.77
2024-01-21,2455.52,41554.05,91.23
2024-01-22,2311.34,39524.27,83.87
2024-01-23,2240.81,39878.3,84.26
2024-01-24,2234.06,40077.78,88.74
2024-01-25,2217.3,39941.66,86.7
2024-01-26,2267.34,41814.8,92.11
2024-01-27,2268.07,42126.55,94.3
2024-01-28,2256.51,42034.59,95.95
2024-01-29,2317.42,43306.18,101.86
2024-01-30,2342.96,42942.78,101.47
2024-01-31,2281.6,42548.08,97.2
2024-02-01,2303.61,43078.81,97.73
2024-02-02,2308.03,43181.66,100.68
2024-02-03,2295.97,43010.67,97.74
2024-02-04,2288.82,42568.55,95.43
2024-02-05,2298.91,42657.67,95.59
2024-02-06,2372.09,43095.79,97.05
2024-02-07,2424.55,44343.61,101.2
2024-02-08,2419.78,45305.2,102.79
2024-02-09,2487.84,47160.41,106.96
2024-02-10,2501.08,47767.06,108.95
2024-02-11,2508.11,48316.3,107.44
2024-02-12,2661.03,49941.81,111.7
2024-02-13,2641.63,49725.36,112.13
2024-02-14,2777.56,51858.59,117.03
2024-02-15,2825.94,51934.29,113.54
2024-02-16,2803.89,52162.64,110.32
2024-02-17,2786.83,51666.22,108.95
2024-02-18,2882.06,52153.63,112.2
2024-02-19,2945.43,51787.05,111.51
2024-02-20,3015.56,52277.52,108.24
2024-02-21,2968.37,51851.67,104.76
2024-02-22,2969.77,51258.7,101.67
2024-02-23,2921.79,50747.05,99.91
2024-02-24,2992.66,51570.65,104.03
2024-02-25,3113.17,51731.0,103.24
2024-02-26,3178.34,54533.48,109.87
2024-02-27,3243.84,57077.07,108.44
2024-02-28,3386.64,62518.9,118.98
2024-02-29,3341.78,61179.03,125.72
2024-03-01,3436.0,62436.72,129.35
2024-03-02,3424.04,62045.78,129.98
2024-03-03,3489.53,63154.49,130.23
2024-03-04,3633.23,68360.14,133.08
2024-03-05,3557.41,63800.78,125.73
2024-03-06,3821.82,66122.28,130.88
2024-03-07,3875.28,66938.21,143.8
2024-03-08,3892.6,68289.16,144.77
2024-03-09,3913.55,68480.0,144.29
2024-03-10,3881.96,69032.12,144.34
2024-03-11,4066.21,72110.98,148.8
2024-03-12,3980.34,71475.93,151.04
2024-03-13,4007.7,73135.04,163.82
2024-03-14,3880.45,71364.58,176.69
2024-03-15,3742.95,69506.88,183.88
2024-03-16,3520.1,65254.22,182.68
2024-03-17,3641.02,68343.64,201.69
2024-03-18,3520.66,67613.04,195.85
2024-03-19,3156.97,61906.27,169.72
2024-03-20,3516.68,67858.8,191.89
2024-03-21,3491.78,65484.7,179.43
2024-03-22,3337.41,63814.56,175.14
2024-03-23,3330.05,63998.86,172.66
2024-03-24,3454.67,67204.93,184.12
2024-03-25,3591.02,69890.28,189.03
2024-03-26,3587.67,69992.4,190.32
2024-03-27,3499.56,69435.96,186.15
2024-03-28,3561.1,70801.18,189.66
2024-03-29,3511.08,69903.75,192.08
2024-03-30,3507.51,69626.87,194.18
2024-03-31,3645.48,71288.9,202.32
2024-04-01,3505.85,69681.82,192.12
2024-04-02,3279.64,65464.14,181.48
2024-04-03,3312.43,65987.92,184.99
2024-04-04,3329.39,68525.23,183.63
2024-04-05,3319.26,67856.51,174.37
2024-04-06,3352.66,68919.89,178.74
2024-04-07,3453.67,69350.34,179.05
2024-04-08,3694.56,71622.53,180.55
2024-04-09,3504.58,69117.01,172.17
2024-04-10,3546.0,70634.04,173.41
2024-04-11,3503.06,70020.73,172.72
2024-04-12,3239.31,67148.61,153.02
2024-04-13,3011.39,64024.77,137.83
2024-04-14,3158.06,65777.05,150.84
2024-04-15,3103.13,63452.18,138.5
2024-04-16,3085.25,63814.94,136.12
2024-04-17,2984.98,61279.36,131.86
2024-04-18,3065.82,63513.85,141.57
2024-04-19,3057.93,63848.37,142.48
2024-04-20,3157.01,64968.87,151.25
2024-04-21,3148.1,64952.92,148.95
2024-04-22,3201.46,66859.17,157.03
2024-04-23,3219.49,66414.16,154.73
2024-04-24,3138.91,64255.78,147.51
2024-04-25,3155.36,64484.44,144.82
2024-04-26,3130.0,63742.39,139.55
2024-04-27,3253.04,63422.0,141.43
2024-04-28,3262.6,63108.94,138.02
2024-04-29,3199.35,62629.87,136.3
