time,SOL-USDT,XRP-USD,BTC-USD,AVAX-USDT,ETH-USD
2023-01-02,11.28,,16666.95,11.16,1213.69
2023-01-03,13.31,,16669.47,11.38,1214.21
2023-01-04,13.4,,16844.42,12.09,1256.34
2023-01-05,13.38,,16825.69,11.75,1250.88
2023-01-06,13.48,,16948.06,11.78,1268.84
2023-01-07,13.07,,16942.37,11.75,1263.94
2023-01-08,14.46,,17125.18,12.09,1289.92
2023-01-09,16.27,,17177.98,12.22,1320.02
2023-01-10,16.19,,17443.5,12.73,1335.56
2023-01-11,16.37,,17944.27,15.85,1389.24
2023-01-12,16.59,,18847.75,15.42,1416.05
2023-01-13,18.29,,19934.88,15.95,1451.78
2023-01-14,24.24,,20957.02,16.94,1550.06
2023-01-15,22.89,,20879.7,16.81,1552.89
2023-01-16,23.57,,21187.5,16.6,1576.85
2023-01-17,22.85,,21136.33,17.18,1565.68
2023-01-18,20.79,,20674.29,15.81,1510.83
2023-01-19,21.4,,21084.22,16.17,1550.98
2023-01-20,25.51,,22669.81,17.54,1658.25
2023-01-21,24.56,,22789.37,16.84,1626.8
2023-01-22,24.21,,22714.87,17.38,1627.88
2023-01-23,24.32,,22920.29,17.94,1626.55
2023-01-24,22.76,,22636.17,16.96,1556.09
2023-01-25,24.54,,23062.36,17.87,1612.54
2023-01-26,24.34,,23010.47,18.12,1601.1
2023-01-27,24.41,,23084.4,21.16,1598.18
2023-01-28,24.0,,23028.95,20.53,1572.3
2023-01-29,26.06,,23745.8,21.04,1644.89
2023-01-30,23.97,,22836.03,19.65,1566.23
2023-01-31,23.92,,23128.86,19.81,1585.39
2023-02-01,25.05,,23735.97,20.97,1642.05
2023-02-02,24.3,,23493.84,21.22,1643.19
2023-02-03,24.67,,23433.54,21.35,1663.69
2023-02-04,24.26,,23328.87,21.03,1666.83
2023-02-05,23.5,,22936.34,20.07,1629.37
2023-02-06,22.67,,22764.07,19.57,1614.5
2023-02-07,23.89,,23244.67,20.84,1671.28
2023-02-08,23.25,,22964.38,20.1,1650.65
2023-02-09,20.47,,21800.63,17.88,1545.54
2023-02-10,20.19,,21628.97,17.82,1513.04
2023-02-11,20.82,,21863.73,18.01,1538.86
2023-02-12,21.5,,21789.8,17.78,1515.25
2023-02-13,20.75,,21789.14,17.61,1506.29
2023-02-14,21.88,,22206.27,18.14,1556.67
2023-02-15,23.89,,24329.04,19.95,1674.88
2023-02-16,22.25,,23516.15,18.59,1637.83
2023-02-17,23.19,,24577.6,19.53,1694.37
2023-02-18,23.44,,24636.23,19.54,1691.82
2023-02-19,24.85,,24281.31,19.82,1680.23
2023-02-20,26.24,,24844.97,20.94,1703.63
2023-02-21,24.98,,24454.43,20.98,1659.76
2023-02-22,24.21,,24184.44,20.34,1642.95
2023-02-23,23.88,,23943.32,19.62,1650.62
2023-02-24,23.08,,23186.88,18.33,1607.57
2023-02-25,22.38,,23159.71,17.9,1594.51
2023-02-26,23.27,,23556.83,18.37,1641.41
2023-02-27,22.68,,23489.52,17.9,1633.26
2023-02-28,21.9,,23145.32,17.06,1605.4
2023-03-01,22.52,,23631.52,17.82,1665.2
2023-03-02,21.94,,23468.24,17.37,1647.87
2023-03-03,21.43,,22358.18,16.66,1569.54
2023-03-04,21.02,,22350.95,16.15,1566.72
2023-03-05,20.95,,22432.69,16.15,1564.81
2023-03-06,20.62,,22410.31,16.53,1565.85
2023-03-07,20.24,,22198.48,16.18,1561.67
2023-03-08,18.42,,21698.37,15.15,1532.17
2023-03-09,17.34,,20367.01,14.43,1437.41
2023-03-10,18.14,,20230.08,14.83,1432.15
2023-03-11,18.05,,20620.54,14.43,1483.68
2023-03-12,20.16,,22219.08,16.18,1592.31
2023-03-13,20.4,,24220.0,16.47,1681.93
2023-03-14,20.85,,24762.65,17.12,1704.95
2023-03-15,19.21,,24377.16,15.59,1656.8
2023-03-16,19.67,,25051.85,15.85,1677.24
2023-03-17,21.59,,27453.62,17.66,1793.66
2023-03-18,21.2,,26980.35,17.0,1763.68
2023-03-19,21.88,,28054.46,17.52,1786.4
2023-03-20,22.14,,27823.32,16.63,1739.42
2023-03-21,22.53,,28207.33,17.39,1807.23
2023-03-22,21.38,,27325.15,16.71,1739.18
2023-03-23,22.19,,28352.94,17.61,1817.49
2023-03-24,20.66,,27489.24,16.95,1751.93
2023-03-25,20.4,,27488.18,16.89,1743.8
2023-03-26,20.94,,27992.9,17.13,1775.86
2023-03-27,19.89,,27142.87,16.44,1716.42
2023-03-28,20.47,,27274.15,16.72,1773.7
2023-03-29,21.1,,28359.54,17.33,1793.41
2023-03-30,20.56,,28035.48,17.25,1793.68
2023-03-31,21.16,,28474.4,17.81,1822.01
2023-04-01,21.08,,28471.46,17.84,1821.73
2023-04-02,20.46,,28188.34,17.23,1795.37
2023-04-03,20.46,,27811.77,17.11,1810.92
2023-04-04,20.93,,28179.64,17.68,1871.36
2023-04-05,20.98,,28175.37,18.0,1908.9
2023-04-06,20.61,,28053.46,17.99,1873.29
2023-04-07,20.41,,27931.94,17.59,1865.02
2023-04-08,20.03,,27958.81,17.45,1850.06
2023-04-09,20.29,,28340.99,17.6,1859.84
2023-04-10,20.9,,29660.41,17.94,1911.23
2023-04-11,23.0,,30227.19,18.2,1891.82
2023-04-12,23.85,,29912.2,18.19,1918.91
2023-04-13,24.42,,30406.78,18.82,2013.98
2023-04-14,24.72,,30492.92,19.2,2101.85
2023-04-15,24.04,,30324.11,19.07,2092.45
2023-04-16,25.36,,30326.09,20.17,2120.07
2023-04-17,24.57,,29449.91,20.5,2075.63
2023-04-18,24.74,,30393.4,21.19,2104.61
2023-04-19,22.65,,28809.72,18.9,1934.8
2023-04-20,22.19,,28248.18,18.4,1943.16
2023-04-21,21.28,,27253.85,16.93,1848.16
2023-04-22,21.76,,27821.41,17.2,1874.48
2023-04-23,21.45,,27592.98,16.82,1861.9
2023-04-24,21.36,,27515.05,16.9,1842.17
2023-04-25,21.97,,28304.42,17.67,1866.23
2023-04-26,21.21,,28426.08,17.13,1866.73
2023-04-27,22.36,,29483.72,17.65,1908.92
2023-04-28,23.4,,29338.63,17.52,1892.54
2023-04-29,23.18,,29249.35,17.49,1908.96
2023-04-30,22.72,,29247.14,17.11,1870.76
2023-05-01,21.96,,28077.27,16.61,1831.41
2023-05-02,22.28,,28684.4,16.82,1871.26
2023-05-03,22.24,,29038.75,17.22,1905.89
2023-05-04,21.73,,28857.23,16.94,1878.01
2023-05-05,22.82,,29536.76,17.44,1995.76
2023-05-06,21.9,,28902.66,16.58,1900.12
2023-05-07,21.65,,28474.53,16.35,1873.27
2023-05-08,20.59,,27695.06,15.42,1849.11
2023-05-09,20.66,,27647.29,15.36,1847.7
2023-05-10,20.93,,27624.01,15.53,1842.47
2023-05-11,20.15,,26986.56,14.92,1795.24
2023-05-12,20.98,,26808.84,15.2,1808.35
2023-05-13,20.8,,26789.48,14.93,1795.99
2023-05-14,20.94,,26929.98,14.99,1800.03
2023-05-15,20.97,,27171.13,15.12,1816.79
2023-05-16,20.61,,27037.68,14.87,1824.64
2023-05-17,21.06,,27407.77,15.14,1822.49
2023-05-18,20.33,,26820.49,14.67,1800.61
2023-05-19,20.34,,26890.27,14.67,1812.84
2023-05-20,20.28,,27113.61,14.62,1819.96
2023-05-21,19.61,,26752.65,14.33,1805.28
2023-05-22,19.55,,26854.73,14.68,1817.76
2023-05-23,20.03,,27223.22,14.67,1854.41
2023-05-24,19.23,,26321.4,14.11,1799.75
2023-05-25,19.22,,26479.06,14.05,1805.83
2023-05-26,19.37,,26714.86,14.33,1828.43
2023-05-27,20.39,,26867.99,14.53,1830.67
2023-05-28,20.82,,28070.04,14.9,1909.25
2023-05-29,20.57,,27744.82,14.44,1893.2
2023-05-30,21.26,,27700.15,14.42,1901.11
2023-05-31,20.82,,27223.08,14.09,1874.04
2023-06-01,20.49,,26828.42,14.05,1862.43
2023-06-02,21.27,,27250.69,14.5,1907.41
2023-06-03,21.2,,27077.6,14.57,1892.62
2023-06-04,21.77,,27122.04,14.74,1890.23
2023-06-05,19.99,,25741.5,13.88,1811.21
2023-06-06,20.38,,27243.63,14.62,1884.95
2023-06-07,18.63,,26346.41,14.0,1832.49
2023-06-08,18.87,,26508.32,13.91,1845.99
2023-06-09,17.25,,26482.81,13.75,1840.46
2023-06-10,15.65,,25856.1,11.72,1752.32
2023-06-11,15.5,,25937.02,11.52,1753.1
2023-06-12,15.2,,25905.82,11.5,1742.66
2023-06-13,15.03,,25930.23,11.79,1739.54
2023-06-14,14.43,,25123.34,11.4,1650.84
2023-06-15,14.7,,25569.99,11.4,1665.28
2023-06-16,15.33,,26329.6,11.51,1716.8
2023-06-17,15.64,,26506.56,11.62,1727.09
2023-06-18,15.48,,26336.46,11.3,1720.43
2023-06-19,16.1,,26837.78,11.46,1736.58
2023-06-20,16.62,,28320.43,12.11,1792.86
2023-06-21,17.22,,29995.08,12.9,1889.57
2023-06-22,16.63,,29886.31,12.68,1872.13
2023-06-23,17.13,,30707.61,13.21,1893.66
2023-06-24,16.63,,30547.18,13.05,1875.87
2023-06-25,16.86,,30480.24,13.41,1899.73
2023-06-26,16.25,,30272.18,13.17,1859.19
2023-06-27,16.55,,30697.38,13.15,1889.82
2023-06-28,15.94,,30074.94,12.32,1827.37
2023-06-29,18.05,,30446.47,12.66,1852.11
2023-06-30,18.86,,30466.72,13.07,1933.57
2023-07-01,18.67,,30587.21,13.0,1924.14
2023-07-02,19.41,,30613.51,13.11,1937.26
2023-07-03,19.28,,31161.8,13.25,1955.76
2023-07-04,19.16,,30771.25,13.03,1936.42
2023-07-05,18.97,,30499.27,12.65,1910.14
2023-07-06,19.6,,29899.38,12.36,1845.8
2023-07-07,21.49,,30352.08,12.73,1870.93
2023-07-08,21.8,,30291.69,13.67,1865.56
2023-07-09,21.34,,30168.38,13.56,1863.01
2023-07-10,21.31,,30419.89,13.42,1880.62
2023-07-11,22.03,,30626.55,13.26,1878.66
2023-07-12,21.93,,30381.81,12.98,1871.65
2023-07-13,26.05,0.8177,31471.83,14.12,2005.95
2023-07-14,26.63,0.7186,30330.52,14.61,1938.91
2023-07-15,27.46,0.715,30301.65,14.85,1931.9
2023-07-16,27.32,0.7475,30247.64,14.23,1923.38
2023-07-17,26.84,0.7377,30143.08,14.4,1911.38
2023-07-18,25.52,0.7787,29861.93,13.77,1897.72
2023-07-19,26.37,0.8201,29916.72,14.0,1888.73
2023-07-20,25.37,0.7946,29809.13,13.83,1891.72
2023-07-21,25.5,0.7716,29907.98,14.01,1891.92
2023-07-22,24.52,0.7329,29795.03,13.51,1866.69
2023-07-23,24.77,0.7382,30081.61,13.52,1888.65
2023-07-24,23.33,0.7022,29176.98,13.1,1849.69
2023-07-25,23.27,0.7088,29225.14,13.32,1857.28
2023-07-26,25.11,0.7162,29353.23,13.21,1871.92
2023-07-27,25.02,0.7136,29214.92,13.18,1860.88
2023-07-28,24.8,0.712,29316.15,13.2,1874.05
2023-07-29,25.17,0.7123,29355.71,13.22,1880.71
2023-07-30,24.16,0.7049,29281.39,13.11,1861.65
2023-07-31,23.68,0.6977,29230.67,12.78,1856.0
2023-08-01,24.04,0.7066,29697.27,12.9,1872.89
2023-08-02,23.12,0.6847,29164.22,12.52,1838.92
2023-08-03,22.65,0.6626,29174.18,12.43,1834.34
2023-08-04,22.75,0.6349,29076.48,12.41,1827.3
2023-08-05,22.64,0.6285,29047.12,12.45,1834.66
2023-08-06,23.2,0.6229,29040.01,12.6,1827.5
2023-08-07,23.11,0.623,29179.21,12.44,1826.9
2023-08-08,24.22,0.6418,29770.01,12.73,1855.71
2023-08-09,24.39,0.6431,29562.76,12.6,1854.09
2023-08-10,24.65,0.6324,29424.03,12.48,1850.38
2023-08-11,24.62,0.6309,29400.45,12.44,1846.76
2023-08-12,24.95,0.6272,29416.96,12.35,1849.09
2023-08-13,24.21,0.6251,29275.94,12.25,1838.98
2023-08-14,25.19,0.6336,29405.49,12.34,1844.01
2023-08-15,23.92,0.6097,29170.14,11.83,1827.19
2023-08-16,22.79,0.5883,28700.51,11.36,1805.51
2023-08-17,21.68,0.5067,26627.57,10.57,1681.42
2023-08-18,21.39,0.5062,26048.89,10.83,1661.4
2023-08-19,21.9,0.5199,26096.42,10.82,1669.65
2023-08-20,21.77,0.5383,26189.14,10.87,1685.39
2023-08-21,21.2,0.5245,26125.18,10.35,1667.2
2023-08-22,20.62,0.5208,26042.11,10.15,1634.33
2023-08-23,21.76,0.5303,26427.54,10.33,1679.22
2023-08-24,21.04,0.5183,26163.49,10.09,1660.36
2023-08-25,20.4,0.5256,26049.39,10.03,1652.75
2023-08-26,20.27,0.523,26009.61,10.11,1646.25
2023-08-27,20.75,0.5234,26091.16,10.17,1657.51
2023-08-28,20.59,0.5227,26101.04,10.38,1651.94
2023-08-29,21.81,0.5398,27717.98,10.77,1729.34
2023-08-30,20.8,0.5284,27306.06,10.39,1705.47
2023-08-31,19.74,0.511,25932.45,10.02,1645.58
2023-09-01,19.4,0.4979,25794.88,9.92,1628.46
2023-09-02,19.48,0.4989,25867.83,9.91,1636.83
2023-09-03,19.58,0.5047,25969.83,9.9,1635.68
2023-09-04,19.51,0.5085,25816.13,9.77,1629.75
2023-09-05,20.3,0.5054,25783.91,9.95,1633.85
2023-09-06,19.64,0.5029,25747.63,9.96,1632.08
2023-09-07,19.93,0.5049,26276.3,10.09,1647.44
2023-09-08,19.61,0.5049,25906.34,9.91,1635.94
2023-09-09,19.42,0.5039,25897.82,9.82,1635.14
2023-09-10,18.23,0.4968,25831.76,9.44,1616.65
2023-09-11,17.72,0.4743,25152.14,9.23,1551.36
2023-09-12,17.94,0.4803,25840.61,9.19,1593.07
2023-09-13,18.39,0.4834,26226.65,9.34,1608.06
2023-09-14,18.86,0.4892,26532.76,9.4,1627.18
2023-09-15,19.18,0.5006,26602.42,9.45,1641.49
2023-09-16,19.03,0.4999,26569.69,9.36,1634.87
2023-09-17,18.81,0.4927,26530.95,9.1,1622.83
2023-09-18,19.68,0.5032,26764.49,9.08,1636.94
2023-09-19,20.02,0.5141,27216.13,9.21,1643.42
2023-09-20,20.28,0.5213,27123.94,9.04,1622.27
2023-09-21,19.44,0.5073,26564.54,8.82,1583.86
2023-09-22,19.42,0.5122,26578.4,8.87,1593.03
2023-09-23,19.5,0.5077,26579.6,8.9,1593.85
2023-09-24,19.36,0.502,26250.24,8.76,1580.64
2023-09-25,19.38,0.5054,26296.08,8.96,1587.75
2023-09-26,19.02,0.5016,26208.44,9.04,1593.28
2023-09-27,19.17,0.4989,26357.62,8.94,1597.65
2023-09-28,19.97,0.5098,27027.14,9.27,1652.94
2023-09-29,20.25,0.5214,26907.0,9.17,1667.21
2023-09-30,21.34,0.5151,26961.0,9.22,1670.84
2023-10-01,23.92,0.524,27995.46,9.76,1733.4
2023-10-02,23.44,0.5123,27504.04,9.32,1662.62
2023-10-03,23.61,0.5391,27428.96,9.38,1656.91
2023-10-04,23.1,0.5328,27786.75,10.14,1646.58
2023-10-05,22.74,0.523,27412.96,10.15,1611.63
2023-10-06,23.44,0.5257,27945.17,10.69,1645.95
2023-10-07,23.3,0.5219,27976.43,10.33,1634.65
2023-10-08,23.19,0.5177,27933.55,10.06,1633.78
2023-10-09,22.07,0.5029,27596.67,9.55,1580.13
2023-10-10,22.11,0.4964,27393.29,9.51,1567.63
2023-10-11,21.96,0.4888,26869.19,9.29,1566.46
2023-10-12,21.27,0.483,26750.51,9.16,1539.25
2023-10-13,21.86,0.4851,26863.53,9.17,1552.04
2023-10-14,21.99,0.4867,26851.71,9.14,1554.87
2023-10-15,21.92,0.4874,27186.13,9.18,1558.01
2023-10-16,23.99,0.4978,28520.24,9.4,1600.02
2023-10-17,23.92,0.4913,28408.83,9.1,1565.24
2023-10-18,23.38,0.488,28326.51,8.9,1563.67
2023-10-19,24.99,0.5201,28735.34,9.1,1567.48
2023-10-20,27.06,0.515,29684.73,9.25,1604.96
2023-10-21,29.24,0.5211,29924.84,9.61,1629.38
2023-10-22,29.05,0.5229,30004.15,10.09,1664.43
2023-10-23,32.03,0.5479,33087.58,10.59,1766.27
2023-10-24,30.17,0.5591,33922.52,10.27,1785.28
2023-10-25,32.42,0.5556,34506.35,10.48,1787.58
2023-10-26,32.78,0.5536,34154.71,11.05,1803.57
2023-10-27,31.7,0.5431,33906.09,10.59,1779.81
2023-10-28,31.65,0.5449,34085.42,10.98,1776.48
2023-10-29,32.88,0.5564,34534.48,11.39,1795.74
2023-10-30,34.94,0.5785,34493.79,11.44,1809.69
2023-10-31,38.39,0.5999,34656.4,11.3,1815.14
2023-11-01,41.14,0.6091,35440.1,12.23,1847.74
2023-11-02,40.25,0.6053,34950.0,11.85,1801.31
2023-11-03,39.42,0.6124,34731.27,12.11,1833.76
2023-11-04,42.42,0.6154,35087.01,12.22,1857.23
2023-11-05,41.14,0.6614,35035.42,12.34,1893.16
2023-11-06,42.11,0.7149,35059.46,13.1,1901.68
2023-11-07,42.93,0.6855,35416.28,12.8,1885.93
2023-11-08,43.06,0.6873,35639.13,12.98,1888.84
2023-11-09,45.22,0.6668,36706.59,12.95,2121.3
2023-11-10,56.69,0.6596,37324.83,14.78,2078.57
2023-11-11,56.4,0.6628,37139.12,16.81,2053.83
2023-11-12,56.23,0.6616,37086.03,19.16,2046.06
2023-11-13,51.6,0.6702,36475.67,16.1,2053.99
2023-11-14,56.84,0.6295,35554.09,17.04,1979.61
2023-11-15,65.45,0.6484,37885.35,20.7,2059.38
2023-11-16,57.8,0.6119,36161.15,21.74,1961.76
2023-11-17,58.51,0.6135,36630.38,21.89,1961.57
2023-11-18,58.36,0.6111,36594.89,21.91,1963.76
2023-11-19,61.15,0.6272,37391.19,22.89,2012.29
2023-11-20,56.45,0.6126,37475.64,20.85,2022.55
2023-11-21,51.63,0.5788,35751.89,18.97,1933.45
2023-11-22,57.57,0.6116,37424.31,20.81,2063.94
2023-11-23,56.52,0.6208,37304.05,20.66,2062.78
2023-11-24,56.63,0.6216,37745.84,20.84,2082.61
2023-11-25,58.82,0.623,37805.99,21.34,2084.02
2023-11-26,57.52,0.616,37462.79,21.04,2063.09
2023-11-27,55.04,0.6039,37241.63,20.31,2027.47
2023-11-28,58.25,0.6109,37838.26,20.7,2049.08
2023-11-29,59.38,0.6092,37863.84,21.11,2029.11
2023-11-30,59.28,0.6065,37732.27,21.4,2053.1
2023-12-01,59.75,0.6129,38703.54,21.87,2088.4
2023-12-02,63.8,0.621,39478.95,22.21,2165.76
2023-12-03,63.08,0.6233,39984.81,21.99,2194.13
2023-12-04,61.62,0.6245,41987.24,22.7,2243.29
2023-12-05,61.02,0.6212,44084.39,24.54,2293.97
2023-12-06,61.96,0.6401,43764.05,26.23,2232.8
2023-12-07,67.87,0.6434,43280.95,26.29,2356.57
2023-12-08,75.02,0.6723,44192.87,30.44,2358.59
2023-12-09,72.28,0.6585,43723.25,31.9,2341.28
2023-12-10,74.88,0.6616,43793.68,37.16,2352.29
2023-12-11,70.52,0.6185,41229.61,38.02,2224.06
2023-12-12,68.54,0.6189,41477.39,37.56,2202.34
2023-12-13,70.76,0.6276,42885.54,39.06,2260.69
2023-12-14,75.5,0.6318,43027.77,39.29,2315.95
2023-12-15,72.38,0.6156,41933.89,39.77,2220.31
2023-12-16,73.7,0.62,42237.29,42.33,2227.29
2023-12-17,71.0,0.6098,41349.59,40.56,2194.75
2023-12-18,74.55,0.6125,42650.01,41.18,2218.71
2023-12-19,73.01,0.6044,42266.22,39.73,2177.27
2023-12-20,82.21,0.617,43674.77,43.46,2202.0
2023-12-21,93.96,0.6241,43875.32,45.99,2239.92
2023-12-22,97.86,0.6249,44013.73,45.26,2326.35
2023-12-23,107.87,0.6199,43726.35,48.28,2309.58
2023-12-24,112.48,0.6127,43025.03,47.74,2265.33
2023-12-25,121.36,0.6463,43589.67,48.31,2271.53
2023-12-26,112.47,0.622,42515.53,44.54,2230.91
2023-12-27,106.72,0.6348,43474.4,42.36,2380.66
2023-12-28,101.87,0.635,42581.23,39.86,2344.94
2023-12-29,106.34,0.623,42063.45,40.13,2299.37
2023-12-30,101.73,0.6206,42141.03,39.34,2291.15
2023-12-31,101.61,0.6154,42288.06,38.52,2281.07
2024-01-01,109.9,0.6299,44220.78,41.94,2352.76
2024-01-02,106.62,0.6247,44972.8,40.57,2356.16
2024-01-03,98.47,0.5826,42862.44,36.78,2210.49
2024-01-04,104.87,0.5874,44193.29,38.7,2269.47
2024-01-05,100.0,0.5763,44186.59,36.48,2270.35
2024-01-06,93.77,0.5684,43992.44,34.62,2241.87
2024-01-07,89.52,0.5515,43950.28,33.62,2222.69
2024-01-08,97.9,0.5782,46995.1,36.08,2332.51
2024-01-09,99.39,0.567,46124.08,34.62,2344.93
2024-01-10,101.98,0.6006,46666.11,38.58,2584.77
2024-01-11,99.82,0.6019,46342.66,39.3,2618.31
2024-01-12,92.11,0.5697,42773.03,35.93,2522.03
2024-01-13,95.87,0.5746,42839.33,36.49,2578.12
2024-01-14,93.78,0.5758,41697.33,35.25,2470.66
2024-01-15,94.37,0.5752,42490.16,35.75,2509.94
2024-01-16,97.84,0.5755,43130.45,35.59,2586.83
2024-01-17,102.38,0.568,42739.49,36.1,2527.94
2024-01-18,94.2,0.5516,41293.5,33.53,2468.82
2024-01-19,93.56,0.5438,41624.07,32.7,2490.13
2024-01-20,92.77,0.5531,41666.67,32.84,2470.44
2024-01-21,91.23,0.5462,41554.05,32.58,2455.52
2024-01-22,83.87,0.527,39524.27,29.6,2311.34
2024-01-23,84.26,0.5179,39878.3,30.63,2240.81
2024-01-24,88.74,0.518,40077.78,31.19,2234.06
2024-01-25,86.7,0.5136,39941.66,30.49,2217.3
2024-01-26,92.11,0.5321,41814.8,32.28,2267.34
2024-01-27,94.3,0.5303,42126.55,33.25,2268.07
2024-01-28,95.95,0.5241,42034.59,34.8,2256.51
2024-01-29,101.86,0.5351,43306.18,36.07,2317.42
2024-01-30,101.47,0.5109,42942.78,35.22,2342.96
2024-01-31,97.2,0.5029,42548.08,33.21,2281.6
2024-02-01,97.73,0.5058,43078.81,33.84,2303.61
2024-02-02,100.68,0.5103,43181.66,36.81,2308.03
2024-02-03,97.74,0.5186,43010.67,36.03,2295.97
2024-02-04,95.43,0.5028,42568.55,34.84,2288.82
2024-02-05,95.59,0.5062,42657.67,34.5,2298.91
2024-02-06,97.05,0.505,43095.79,34.14,2372.09
2024-02-07,101.2,0.5138,44343.61,35.32,2424.55
2024-02-08,102.79,0.5148,45305.2,35.46,2419.78
2024-02-09,106.96,0.5264,47160.41,38.0,2487.84
2024-02-10,108.95,0.5241,47767.06,40.27,2501.08
2024-02-11,107.44,0.5263,48316.3,39.64,2508.11
2024-02-12,111.7,0.5318,49941.81,40.96,2661.03
2024-02-13,112.13,0.5248,49725.36,39.74,2641.63
2024-02-14,117.03,0.5384,51858.59,42.35,2777.56
2024-02-15,113.54,0.5627,51934.29,41.55,2825.94
2024-02-16,110.32,0.5647,52162.64,40.25,2803.89
2024-02-17,108.95,0.5498,51666.22,39.77,2786.83
2024-02-18,112.2,0.5574,52153.63,40.33,2882.06
2024-02-19,111.51,0.5629,51787.05,39.61,2945.43
2024-02-20,108.24,0.5624,52277.52,38.53,3015.56
2024-02-21,104.76,0.5492,51851.67,37.57,2968.37
2024-02-22,101.67,0.5408,51258.7,36.78,2969.77
2024-02-23,99.91,0.5341,50747.05,35.92,2921.79
2024-02-24,104.03,0.545,51570.65,36.77,2992.66
2024-02-25,103.24,0.5426,51731.0,37.42,3113.17
2024-02-26,109.87,0.551,54533.48,39.37,3178.34
2024-02-27,108.44,0.5865,57077.07,39.26,3243.84
2024-02-28,118.98,0.5758,62518.9,40.41,3386.64
2024-02-29,125.72,0.5872,61179.03,40.95,3341.78
2024-03-01,129.35,0.6017,62436.72,42.65,3436.0
2024-03-02,129.98,0.6448,62045.78,44.35,3424.04
2024-03-03,130.23,0.627,63154.49,42.57,3489.53
2024-03-04,133.08,0.6488,68360.14,43.08,3633.23
2024-03-05,125.73,0.5921,63800.78,39.44,3557.41
2024-03-06,130.88,0.612,66122.28,41.57,3821.82
2024-03-07,143.8,0.6282,66938.21,43.24,3875.28
2024-03-08,144.77,0.6211,68289.16,42.57,3892.6
2024-03-09,144.29,0.6211,68480.0,42.9,3913.55
2024-03-10,144.34,0.6085,69032.12,42.02,3881.96
2024-03-11,148.8,0.7229,72110.98,49.09,4066.21
2024-03-12,151.04,0.6882,71475.93,55.47,3980.34
2024-03-13,163.82,0.6897,73135.04,54.79,4007.7
2024-03-14,176.69,0.6689,71364.58,54.03,3880.45
2024-03-15,183.88,0.6345,69506.88,58.4,3742.95
2024-03-16,182.68,0.6025,65254.22,53.5,3520.1
2024-03-17,201.69,0.6188,68343.64,58.42,3641.02
2024-03-18,195.85,0.6454,67613.04,60.63,3520.66
2024-03-19,169.72,0.5844,61906.27,53.61,3156.97
2024-03-20,191.89,0.6108,67858.8,56.93,3516.68
2024-03-21,179.43,0.6403,65484.7,53.8,3491.78
2024-03-22,175.14,0.6117,63814.56,53.43,3337.41
2024-03-23,172.66,0.6166,63998.86,53.33,3330.05
2024-03-24,184.12,0.6325,67204.93,55.71,3454.67
2024-03-25,189.03,0.6406,69890.28,57.73,3591.02
2024-03-26,190.32,0.6318,69992.4,55.76,3587.67
2024-03-27,186.15,0.6116,69435.96,54.14,3499.56
2024-03-28,189.66,0.6246,70801.18,54.57,3561.1
2024-03-29,192.08,0.6305,69903.75,53.34,3511.08
2024-03-30,194.18,0.6216,69626.87,52.93,3507.51
2024-03-31,202.32,0.6291,71288.9,54.07,3645.48
2024-04-01,192.12,0.6111,69681.82,51.18,3505.85
2024-04-02,181.48,0.5856,65464.14,46.88,3279.64
2024-04-03,184.99,0.5744,65987.92,45.86,3312.43
2024-04-04,183.63,0.5937,68525.23,46.44,3329.39
2024-04-05,174.37,0.5872,67856.51,45.21,3319.26
2024-04-06,178.74,0.5931,68919.89,48.22,3352.66
2024-04-07,179.05,0.5945,69350.34,49.29,3453.67
2024-04-08,180.55,0.6147,71622.53,49.83,3694.56
2024-04-09,172.17,0.6137,69117.01,46.42,3504.58
2024-04-10,173.41,0.6171,70634.04,47.08,3546.0
2024-04-11,172.72,0.6086,70020.73,46.05,3503.06
2024-04-12,153.02,0.5474,67148.61,39.3,3239.31
2024-04-13,137.83,0.4801,64024.77,33.86,3011.39
2024-04-14,150.84,0.5039,65777.05,37.13,3158.06
2024-04-15,138.5,0.4979,63452.18,35.06,3103.13
2024-04-16,136.12,0.4968,63814.94,34.7,3085.25
2024-04-17,131.86,0.4952,61279.36,33.47,2984.98
2024-04-18,141.57,0.503,63513.85,34.78,3065.82
2024-04-19,142.48,0.5033,63848.37,34.59,3057.93
2024-04-20,151.25,0.5291,64968.87,38.28,3157.01
2024-04-21,148.95,0.5246,64952.92,37.21,3148.1
2024-04-22,157.03,0.5561,66859.17,39.17,3201.46
2024-04-23,154.73,0.5445,66414.16,38.41,3219.49
2024-04-24,147.51,0.5273,64255.78,36.29,3138.91
2024-04-25,144.82,0.5252,64484.44,35.59,3155.36
2024-04-26,139.55,0.5258,63742.39,34.47,3130.0
2024-04-27,141.43,0.5177,63422.0,34.41,3253.04
2024-04-28,138.02,0.5104,63108.94,33.96,3262.6
2024-04-29,134.95,0.5039,62292.78,33.3,3179.17
