time,BTC-USD,SOL-USDT,AVAX-USDT,ETH-USD,XRP-USD
2023-01-02,16666.95,11.28,11.16,1213.69,
2023-01-03,16669.47,13.31,11.38,1214.21,
2023-01-04,16844.42,13.4,12.09,1256.34,
2023-01-05,16825.69,13.38,11.75,1250.88,
2023-01-06,16948.06,13.48,11.78,1268.84,
2023-01-07,16942.37,13.07,11.75,1263.94,
2023-01-08,17125.18,14.46,12.09,1289.92,
2023-01-09,17177.98,16.27,12.22,1320.02,
2023-01-10,17443.5,16.19,12.73,1335.56,
2023-01-11,17944.27,16.37,15.85,1389.24,
2023-01-12,18847.75,16.59,15.42,1416.05,
2023-01-13,19934.88,18.29,15.95,1451.78,
2023-01-14,20957.02,24.24,16.94,1550.06,
2023-01-15,20879.7,22.89,16.81,1552.89,
2023-01-16,21187.5,23.57,16.6,1576.85,
2023-01-17,21136.33,22.85,17.18,1565.68,
2023-01-18,20674.29,20.79,15.81,1510.83,
2023-01-19,21084.22,21.4,16.17,1550.98,
2023-01-20,22669.81,25.51,17.54,1658.25,
2023-01-21,22789.37,24.56,16.84,1626.8,
2023-01-22,22714.87,24.21,17.38,1627.88,
2023-01-23,22920.29,24.32,17.94,1626.55,
2023-01-24,22636.17,22.76,16.96,1556.09,
2023-01-25,23062.36,24.54,17.87,1612.54,
2023-01-26,23010.47,24.34,18.12,1601.1,
2023-01-27,23084.4,24.41,21.16,1598.18,
2023-01-28,23028.95,24.0,20.53,1572.3,
2023-01-29,23745.8,26.06,21.04,1644.89,
2023-01-30,22836.03,23.97,19.65,1566.23,
2023-01-31,23128.86,23.92,19.81,1585.39,
2023-02-01,23735.97,25.05,20.97,1642.05,
2023-02-02,23493.84,24.3,21.22,1643.19,
2023-02-03,23433.54,24.67,21.35,1663.69,
2023-02-04,23328.87,24.26,21.03,1666.83,
2023-02-05,22936.34,23.5,20.07,1629.37,
2023-02-06,22764.07,22.67,19.57,1614.5,
2023-02-07,23244.67,23.89,20.84,1671.28,
2023-02-08,22964.38,23.25,20.1,1650.65,
2023-02-09,21800.63,20.47,17.88,1545.54,
2023-02-10,21628.97,20.19,17.82,1513.04,
2023-02-11,21863.73,20.82,18.01,1538.86,
2023-02-12,21789.8,21.5,17.78,1515.25,
2023-02-13,21789.14,20.75,17.61,1506.29,
2023-02-14,22206.27,21.88,18.14,1556.67,
2023-02-15,24329.04,23.89,19.95,1674.88,
2023-02-16,23516.15,22.25,18.59,1637.83,
2023-02-17,24577.6,23.19,19.53,1694.37,
2023-02-18,24636.23,23.44,19.54,1691.82,
2023-02-19,24281.31,24.85,19.82,1680.23,
2023-02-20,24844.97,26.24,20.94,1703.63,
2023-02-21,24454.43,24.98,20.98,1659.76,
2023-02-22,24184.44,24.21,20.34,1642.95,
2023-02-23,23943.32,23.88,19.62,1650.62,
2023-02-24,23186.88,23.08,18.33,1607.57,
2023-02-25,23159.71,22.38,17.9,1594.51,
2023-02-26,23556.83,23.27,18.37,1641.41,
2023-02-27,23489.52,22.68,17.9,1633.26,
2023-02-28,23145.32,21.9,17.06,1605.4,
2023-03-01,23631.52,22.52,17.82,1665.2,
2023-03-02,23468.24,21.94,17.37,1647.87,
2023-03-03,22358.18,21.43,16.66,1569.54,
2023-03-04,22350.95,21.02,16.15,1566.72,
2023-03-05,22432.69,20.95,16.15,1564.81,
2023-03-06,22410.31,20.62,16.53,1565.85,
2023-03-07,22198.48,20.24,16.18,1561.67,
2023-03-08,21698.37,18.42,15.15,1532.17,
2023-03-09,20367.01,17.34,14.43,1437.41,
2023-03-10,20230.08,18.14,14.83,1432.15,
2023-03-11,20620.54,18.05,14.43,1483.68,
2023-03-12,22219.08,20.16,16.18,1592.31,
2023-03-13,24220.0,20.4,16.47,1681.93,
2023-03-14,24762.65,20.85,17.12,1704.95,
2023-03-15,24377.16,19.21,15.59,1656.8,
2023-03-16,25051.85,19.67,15.85,1677.24,
2023-03-17,27453.62,21.59,17.66,1793.66,
2023-03-18,26980.35,21.2,17.0,1763.68,
2023-03-19,28054.46,21.88,17.52,1786.4,
2023-03-20,27823.32,22.14,16.63,1739.42,
2023-03-21,28207.33,22.53,17.39,1807.23,
2023-03-22,27325.15,21.38,16.71,1739.18,
2023-03-23,28352.94,22.19,17.61,1817.49,
2023-03-24,27489.24,20.66,16.95,1751.93,
2023-03-25,27488.18,20.4,16.89,1743.8,
2023-03-26,27992.9,20.94,17.13,1775.86,
2023-03-27,27142.87,19.89,16.44,1716.42,
2023-03-28,27274.15,20.47,16.72,1773.7,
2023-03-29,28359.54,21.1,17.33,1793.41,
2023-03-30,28035.48,20.56,17.25,1793.68,
2023-03-31,28474.4,21.16,17.81,1822.01,
2023-04-01,28471.46,21.08,17.84,1821.73,
2023-04-02,28188.34,20.46,17.23,1795.37,
2023-04-03,27811.77,20.46,17.11,1810.92,
2023-04-04,28179.64,20.93,17.68,1871.36,
2023-04-05,28175.37,20.98,18.0,1908.9,
2023-04-06,28053.46,20.61,17.99,1873.29,
2023-04-07,27931.94,20.41,17.59,1865.02,
2023-04-08,27958.81,20.03,17.45,1850.06,
2023-04-09,28340.99,20.29,17.6,1859.84,
2023-04-10,29660.41,20.9,17.94,1911.23,
2023-04-11,30227.19,23.0,18.2,1891.82,
2023-04-12,29912.2,23.85,18.19,1918.91,
2023-04-13,30406.78,24.42,18.82,2013.98,
2023-04-14,30492.92,24.72,19.2,2101.85,
2023-04-15,30324.11,24.04,19.07,2092.45,
2023-04-16,30326.09,25.36,20.17,2120.07,
2023-04-17,29449.91,24.57,20.5,2075.63,
2023-04-18,30393.4,24.74,21.19,2104.61,
2023-04-19,28809.72,22.65,18.9,1934.8,
2023-04-20,28248.18,22.19,18.4,1943.16,
2023-04-21,27253.85,21.28,16.93,1848.16,
2023-04-22,27821.41,21.76,17.2,1874.48,
2023-04-23,27592.98,21.45,16.82,1861.9,
2023-04-24,27515.05,21.36,16.9,1842.17,
2023-04-25,28304.42,21.97,17.67,1866.23,
2023-04-26,28426.08,21.21,17.13,1866.73,
2023-04-27,29483.72,22.36,17.65,1908.92,
2023-04-28,29338.63,23.4,17.52,1892.54,
2023-04-29,29249.35,23.18,17.49,1908.96,
2023-04-30,29247.14,22.72,17.11,1870.76,
2023-05-01,28077.27,21.96,16.61,1831.41,
2023-05-02,28684.4,22.28,16.82,1871.26,
2023-05-03,29038.75,22.24,17.22,1905.89,
2023-05-04,28857.23,21.73,16.94,1878.01,
2023-05-05,29536.76,22.82,17.44,1995.76,
2023-05-06,28902.66,21.9,16.58,1900.12,
2023-05-07,28474.53,21.65,16.35,1873.27,
2023-05-08,27695.06,20.59,15.42,1849.11,
2023-05-09,27647.29,20.66,15.36,1847.7,
2023-05-10,27624.01,20.93,15.53,1842.47,
2023-05-11,26986.56,20.15,14.92,1795.24,
2023-05-12,26808.84,20.98,15.2,1808.35,
2023-05-13,26789.48,20.8,14.93,1795.99,
2023-05-14,26929.98,20.94,14.99,1800.03,
2023-05-15,27171.13,20.97,15.12,1816.79,
2023-05-16,27037.68,20.61,14.87,1824.64,
2023-05-17,27407.77,21.06,15.14,1822.49,
2023-05-18,26820.49,20.33,14.67,1800.61,
2023-05-19,26890.27,20.34,14.67,1812.84,
2023-05-20,27113.61,20.28,14.62,1819.96,
2023-05-21,26752.65,19.61,14.33,1805.28,
2023-05-22,26854.73,19.55,14.68,1817.76,
2023-05-23,27223.22,20.03,14.67,1854.41,
2023-05-24,26321.4,19.23,14.11,1799.75,
2023-05-25,26479.06,19.22,14.05,1805.83,
2023-05-26,26714.86,19.37,14.33,1828.43,
2023-05-27,26867.99,20.39,14.53,1830.67,
2023-05-28,28070.04,20.82,14.9,1909.25,
2023-05-29,27744.82,20.57,14.44,1893.2,
2023-05-30,27700.15,21.26,14.42,1901.11,
2023-05-31,27223.08,20.82,14.09,1874.04,
2023-06-01,26828.42,20.49,14.05,1862.43,
2023-06-02,27250.69,21.27,14.5,1907.41,
2023-06-03,27077.6,21.2,14.57,1892.62,
2023-06-04,27122.04,21.77,14.74,1890.23,
2023-06-05,25741.5,19.99,13.88,1811.21,
2023-06-06,27243.63,20.38,14.62,1884.95,
2023-06-07,26346.41,18.63,14.0,1832.49,
2023-06-08,26508.32,18.87,13.91,1845.99,
2023-06-09,26482.81,17.25,13.75,1840.46,
2023-06-10,25856.1,15.65,11.72,1752.32,
2023-06-11,25937.02,15.5,11.52,1753.1,
2023-06-12,25905.82,15.2,11.5,1742.66,
2023-06-13,25930.23,15.03,11.79,1739.54,
2023-06-14,25123.34,14.43,11.4,1650.84,
2023-06-15,25569.99,14.7,11.4,1665.28,
2023-06-16,26329.6,15.33,11.51,1716.8,
2023-06-17,26506.56,15.64,11.62,1727.09,
2023-06-18,26336.46,15.48,11.3,1720.43,
2023-06-19,26837.78,16.1,11.46,1736.58,
2023-06-20,28320.43,16.62,12.11,1792.86,
2023-06-21,29995.08,17.22,12.9,1889.57,
2023-06-22,29886.31,16.63,12.68,1872.13,
2023-06-23,30707.61,17.13,13.21,1893.66,
2023-06-24,30547.18,16.63,13.05,1875.87,
2023-06-25,30480.24,16.86,13.41,1899.73,
2023-06-26,30272.18,16.25,13.17,1859.19,
2023-06-27,30697.38,16.55,13.15,1889.82,
2023-06-28,30074.94,15.94,12.32,1827.37,
2023-06-29,30446.47,18.05,12.66,1852.11,
2023-06-30,30466.72,18.86,13.07,1933.57,
2023-07-01,30587.21,18.67,13.0,1924.14,
2023-07-02,30613.51,19.41,13.11,1937.26,
2023-07-03,31161.8,19.28,13.25,1955.76,
2023-07-04,30771.25,19.16,13.03,1936.42,
2023-07-05,30499.27,18.97,12.65,1910.14,
2023-07-06,29899.38,19.6,12.36,1845.8,
2023-07-07,30352.08,21.49,12.73,1870.93,
2023-07-08,30291.69,21.8,13.67,1865.56,
2023-07-09,30168.38,21.34,13.56,1863.01,
2023-07-10,30419.89,21.31,13.42,1880.62,
2023-07-11,30626.55,22.03,13.26,1878.66,
2023-07-12,30381.81,21.93,12.98,1871.65,
2023-07-13,31471.83,26.05,14.12,2005.95,0.8177
2023-07-14,30330.52,26.63,14.61,1938.91,0.7186
2023-07-15,30301.65,27.46,14.85,1931.9,0.715
2023-07-16,30247.64,27.32,14.23,1923.38,0.7475
2023-07-17,30143.08,26.84,14.4,1911.38,0.7377
2023-07-18,29861.93,25.52,13.77,1897.72,0.7787
2023-07-19,29916.72,26.37,14.0,1888.73,0.8201
2023-07-20,29809.13,25.37,13.83,1891.72,0.7946
2023-07-21,29907.98,25.5,14.01,1891.92,0.7716
2023-07-22,29795.03,24.52,13.51,1866.69,0.7329
2023-07-23,30081.61,24.77,13.52,1888.65,0.7382
2023-07-24,29176.98,23.33,13.1,1849.69,0.7022
2023-07-25,29225.14,23.27,13.32,1857.28,0.7088
2023-07-26,29353.23,25.11,13.21,1871.92,0.7162
2023-07-27,29214.92,25.02,13.18,1860.88,0.7136
2023-07-28,29316.15,24.8,13.2,1874.05,0.712
2023-07-29,29355.71,25.17,13.22,1880.71,0.7123
2023-07-30,29281.39,24.16,13.11,1861.65,0.7049
2023-07-31,29230.67,23.68,12.78,1856.0,0.6977
2023-08-01,29697.27,24.04,12.9,1872.89,0.7066
2023-08-02,29164.22,23.12,12.52,1838.92,0.6847
2023-08-03,29174.18,22.65,12.43,1834.34,0.6626
2023-08-04,29076.48,22.75,12.41,1827.3,0.6349
2023-08-05,29047.12,22.64,12.45,1834.66,0.6285
2023-08-06,29040.01,23.2,12.6,1827.5,0.6229
2023-08-07,29179.21,23.11,12.44,1826.9,0.623
2023-08-08,29770.01,24.22,12.73,1855.71,0.6418
2023-08-09,29562.76,24.39,12.6,1854.09,0.6431
2023-08-10,29424.03,24.65,12.48,1850.38,0.6324
2023-08-11,29400.45,24.62,12.44,1846.76,0.6309
2023-08-12,29416.96,24.95,12.35,1849.09,0.6272
2023-08-13,29275.94,24.21,12.25,1838.98,0.6251
2023-08-14,29405.49,25.19,12.34,1844.01,0.6336
2023-08-15,29170.14,23.92,11.83,1827.19,0.6097
2023-08-16,28700.51,22.79,11.36,1805.51,0.5883
2023-08-17,26627.57,21.68,10.57,1681.42,0.5067
2023-08-18,26048.89,21.39,10.83,1661.4,0.5062
2023-08-19,26096.42,21.9,10.82,1669.65,0.5199
2023-08-20,26189.14,21.77,10.87,1685.39,0.5383
2023-08-21,26125.18,21.2,10.35,1667.2,0.5245
2023-08-22,26042.11,20.62,10.15,1634.33,0.5208
2023-08-23,26427.54,21.76,10.33,1679.22,0.5303
2023-08-24,26163.49,21.04,10.09,1660.36,0.5183
2023-08-25,26049.39,20.4,10.03,1652.75,0.5256
2023-08-26,26009.61,20.27,10.11,1646.25,0.523
2023-08-27,26091.16,20.75,10.17,1657.51,0.5234
2023-08-28,26101.04,20.59,10.38,1651.94,0.5227
2023-08-29,27717.98,21.81,10.77,1729.34,0.5398
2023-08-30,27306.06,20.8,10.39,1705.47,0.5284
2023-08-31,25932.45,19.74,10.02,1645.58,0.511
2023-09-01,25794.88,19.4,9.92,1628.46,0.4979
2023-09-02,25867.83,19.48,9.91,1636.83,0.4989
2023-09-03,25969.83,19.58,9.9,1635.68,0.5047
2023-09-04,25816.13,19.51,9.77,1629.75,0.5085
2023-09-05,25783.91,20.3,9.95,1633.85,0.5054
2023-09-06,25747.63,19.64,9.96,1632.08,0.5029
2023-09-07,26276.3,19.93,10.09,1647.44,0.5049
2023-09-08,25906.34,19.61,9.91,1635.94,0.5049
2023-09-09,25897.82,19.42,9.82,1635.14,0.5039
2023-09-10,25831.76,18.23,9.44,1616.65,0.4968
2023-09-11,25152.14,17.72,9.23,1551.36,0.4743
2023-09-12,25840.61,17.94,9.19,1593.07,0.4803
2023-09-13,26226.65,18.39,9.34,1608.06,0.4834
2023-09-14,26532.76,18.86,9.4,1627.18,0.4892
2023-09-15,26602.42,19.18,9.45,1641.49,0.5006
2023-09-16,26569.69,19.03,9.36,1634.87,0.4999
2023-09-17,26530.95,18.81,9.1,1622.83,0.4927
2023-09-18,26764.49,19.68,9.08,1636.94,0.5032
2023-09-19,27216.13,20.02,9.21,1643.42,0.5141
2023-09-20,27123.94,20.28,9.04,1622.27,0.5213
2023-09-21,26564.54,19.44,8.82,1583.86,0.5073
2023-09-22,26578.4,19.42,8.87,1593.03,0.5122
2023-09-23,26579.6,19.5,8.9,1593.85,0.5077
2023-09-24,26250.24,19.36,8.76,1580.64,0.502
2023-09-25,26296.08,19.38,8.96,1587.75,0.5054
2023-09-26,26208.44,19.02,9.04,1593.28,0.5016
2023-09-27,26357.62,19.17,8.94,1597.65,0.4989
2023-09-28,27027.14,19.97,9.27,1652.94,0.5098
2023-09-29,26907.0,20.25,9.17,1667.21,0.5214
2023-09-30,26961.0,21.34,9.22,1670.84,0.5151
2023-10-01,27995.46,23.92,9.76,1733.4,0.524
2023-10-02,27504.04,23.44,9.32,1662.62,0.5123
2023-10-03,27428.96,23.61,9.38,1656.91,0.5391
2023-10-04,27786.75,23.1,10.14,1646.58,0.5328
2023-10-05,27412.96,22.74,10.15,1611.63,0.523
2023-10-06,27945.17,23.44,10.69,1645.95,0.5257
2023-10-07,27976.43,23.3,10.33,1634.65,0.5219
2023-10-08,27933.55,23.19,10.06,1633.78,0.5177
2023-10-09,27596.67,22.07,9.55,1580.13,0.5029
2023-10-10,27393.29,22.11,9.51,1567.63,0.4964
2023-10-11,26869.19,21.96,9.29,1566.46,0.4888
2023-10-12,26750.51,21.27,9.16,1539.25,0.483
2023-10-13,26863.53,21.86,9.17,1552.04,0.4851
2023-10-14,26851.71,21.99,9.14,1554.87,0.4867
2023-10-15,27186.13,21.92,9.18,1558.01,0.4874
2023-10-16,28520.24,23.99,9.4,1600.02,0.4978
2023-10-17,28408.83,23.92,9.1,1565.24,0.4913
2023-10-18,28326.51,23.38,8.9,1563.67,0.488
2023-10-19,28735.34,24.99,9.1,1567.48,0.5201
2023-10-20,29684.73,27.06,9.25,1604.96,0.515
2023-10-21,29924.84,29.24,9.61,1629.38,0.5211
2023-10-22,30004.15,29.05,10.09,1664.43,0.5229
2023-10-23,33087.58,32.03,10.59,1766.27,0.5479
2023-10-24,33922.52,30.17,10.27,1785.28,0.5591
2023-10-25,34506.35,32.42,10.48,1787.58,0.5556
2023-10-26,34154.71,32.78,11.05,1803.57,0.5536
2023-10-27,33906.09,31.7,10.59,1779.81,0.5431
2023-10-28,34085.42,31.65,10.98,1776.48,0.5449
2023-10-29,34534.48,32.88,11.39,1795.74,0.5564
2023-10-30,34493.79,34.94,11.44,1809.69,0.5785
2023-10-31,34656.4,38.39,11.3,1815.14,0.5999
2023-11-01,35440.1,41.14,12.23,1847.74,0.6091
2023-11-02,34950.0,40.25,11.85,1801.31,0.6053
2023-11-03,34731.27,39.42,12.11,1833.76,0.6124
2023-11-04,35087.01,42.42,12.22,1857.23,0.6154
2023-11-05,35035.42,41.14,12.34,1893.16,0.6614
2023-11-06,35059.46,42.11,13.1,1901.68,0.7149
2023-11-07,35416.28,42.93,12.8,1885.93,0.6855
2023-11-08,35639.13,43.06,12.98,1888.84,0.6873
2023-11-09,36706.59,45.22,12.95,2121.3,0.6668
2023-11-10,37324.83,56.69,14.78,2078.57,0.6596
2023-11-11,37139.12,56.4,16.81,2053.83,0.6628
2023-11-12,37086.03,56.23,19.16,2046.06,0.6616
2023-11-13,36475.67,51.6,16.1,2053.99,0.6702
2023-11-14,35554.09,56.84,17.04,1979.61,0.6295
2023-11-15,37885.35,65.45,20.7,2059.38,0.6484
2023-11-16,36161.15,57.8,21.74,1961.76,0.6119
2023-11-17,36630.38,58.51,21.89,1961.57,0.6135
2023-11-18,36594.89,58.36,21.91,1963.76,0.6111
2023-11-19,37391.19,61.15,22.89,2012.29,0.6272
2023-11-20,37475.64,56.45,20.85,2022.55,0.6126
2023-11-21,35751.89,51.63,18.97,1933.45,0.5788
2023-11-22,37424.31,57.57,20.81,2063.94,0.6116
2023-11-23,37304.05,56.52,20.66,2062.78,0.6208
2023-11-24,37745.84,56.63,20.84,2082.61,0.6216
2023-11-25,37805.99,58.82,21.34,2084.02,0.623
2023-11-26,37462.79,57.52,21.04,2063.09,0.616
2023-11-27,37241.63,55.04,20.31,2027.47,0.6039
2023-11-28,37838.26,58.25,20.7,2049.08,0.6109
2023-11-29,37863.84,59.38,21.11,2029.11,0.6092
2023-11-30,37732.27,59.28,21.4,2053.1,0.6065
2023-12-01,38703.54,59.75,21.87,2088.4,0.6129
2023-12-02,39478.95,63.8,22.21,2165.76,0.621
2023-12-03,39984.81,63.08,21.99,2194.13,0.6233
2023-12-04,41987.24,61.62,22.7,2243.29,0.6245
2023-12-05,44084.39,61.02,24.54,2293.97,0.6212
2023-12-06,43764.05,61.96,26.23,2232.8,0.6401
2023-12-07,43280.95,67.87,26.29,2356.57,0.6434
2023-12-08,44192.87,75.02,30.44,2358.59,0.6723
2023-12-09,43723.25,72.28,31.9,2341.28,0.6585
2023-12-10,43793.68,74.88,37.16,2352.29,0.6616
2023-12-11,41229.61,70.52,38.02,2224.06,0.6185
2023-12-12,41477.39,68.54,37.56,2202.34,0.6189
2023-12-13,42885.54,70.76,39.06,2260.69,0.6276
2023-12-14,43027.77,75.5,39.29,2315.95,0.6318
2023-12-15,41933.89,72.38,39.77,2220.31,0.6156
2023-12-16,42237.29,73.7,42.33,2227.29,0.62
2023-12-17,41349.59,71.0,40.56,2194.75,0.6098
2023-12-18,42650.01,74.55,41.18,2218.71,0.6125
2023-12-19,42266.22,73.01,39.73,2177.27,0.6044
2023-12-20,43674.77,82.21,43.46,2202.0,0.617
2023-12-21,43875.32,93.96,45.99,2239.92,0.6241
2023-12-22,44013.73,97.86,45.26,2326.35,0.6249
2023-12-23,43726.35,107.87,48.28,2309.58,0.6199
2023-12-24,43025.03,112.48,47.74,2265.33,0.6127
2023-12-25,43589.67,121.36,48.31,2271.53,0.6463
2023-12-26,42515.53,112.47,44.54,2230.91,0.622
2023-12-27,43474.4,106.72,42.36,2380.66,0.6348
2023-12-28,42581.23,101.87,39.86,2344.94,0.635
2023-12-29,42063.45,106.34,40.13,2299.37,0.623
2023-12-30,42141.03,101.73,39.34,2291.15,0.6206
2023-12-31,42288.06,101.61,38.52,2281.07,0.6154
2024-01-01,44220.78,109.9,41.94,2352.76,0.6299
2024-01-02,44972.8,106.62,40.57,2356.16,0.6247
2024-01-03,42862.44,98.47,36.78,2210.49,0.5826
2024-01-04,44193.29,104.87,38.7,2269.47,0.5874
2024-01-05,44186.59,100.0,36.48,2270.35,0.5763
2024-01-06,43992.44,93.77,34.62,2241.87,0.5684
2024-01-07,43950.28,89.52,33.62,2222.69,0.5515
2024-01-08,46995.1,97.9,36.08,2332.51,0.5782
2024-01-09,46124.08,99.39,34.62,2344.93,0.567
2024-01-10,46666.11,101.98,38.58,2584.77,0.6006
2024-01-11,46342.66,99.82,39.3,2618.31,0.6019
2024-01-12,42773.03,92.11,35.93,2522.03,0.5697
2024-01-13,42839.33,95.87,36.49,2578.12,0.5746
2024-01-14,41697.33,93.78,35.25,2470.66,0.5758
2024-01-15,42490.16,94.37,35.75,2509.94,0.5752
2024-01-16,43130.45,97.84,35.59,2586.83,0.5755
2024-01-17,42739.49,102.38,36.1,2527.94,0.568
2024-01-18,41293.5,94.2,33.53,2468.82,0.5516
2024-01-19,41624.07,93.56,32.7,2490.13,0.5438
2024-01-20,41666.67,92.77,32.84,2470.44,0.5531
2024-01-21,41554.05,91.23,32.58,2455.52,0.5462
2024-01-22,39524.27,83.87,29.6,2311.34,0.527
2024-01-23,39878.3,84.26,30.63,2240.81,0.5179
2024-01-24,40077.78,88.74,31.19,2234.06,0.518
2024-01-25,39941.66,86.7,30.49,2217.3,0.5136
2024-01-26,41814.8,92.11,32.28,2267.34,0.5321
2024-01-27,42126.55,94.3,33.25,2268.07,0.5303
2024-01-28,42034.59,95.95,34.8,2256.51,0.5241
2024-01-29,43306.18,101.86,36.07,2317.42,0.5351
2024-01-30,42942.78,101.47,35.22,2342.96,0.5109
2024-01-31,42548.08,97.2,33.21,2281.6,0.5029
2024-02-01,43078.81,97.73,33.84,2303.61,0.5058
2024-02-02,43181.66,100.68,36.81,2308.03,0.5103
2024-02-03,43010.67,97.74,36.03,2295.97,0.5186
2024-02-04,42568.55,95.43,34.84,2288.82,0.5028
2024-02-05,42657.67,95.59,34.5,2298.91,0.5062
2024-02-06,43095.79,97.05,34.14,2372.09,0.505
2024-02-07,44343.61,101.2,35.32,2424.55,0.5138
2024-02-08,45305.2,102.79,35.46,2419.78,0.5148
2024-02-09,47160.41,106.96,38.0,2487.84,0.5264
2024-02-10,47767.06,108.95,40.27,2501.08,0.5241
2024-02-11,48316.3,107.44,39.64,2508.11,0.5263
2024-02-12,49941.81,111.7,40.96,2661.03,0.5318
2024-02-13,49725.36,112.13,39.74,2641.63,0.5248
2024-02-14,51858.59,117.03,42.35,2777.56,0.5384
2024-02-15,51934.29,113.54,41.55,2825.94,0.5627
2024-02-16,52162.64,110.32,40.25,2803.89,0.5647
2024-02-17,51666.22,108.95,39.77,2786.83,0.5498
2024-02-18,52153.63,112.2,40.33,2882.06,0.5574
2024-02-19,51787.05,111.51,39.61,2945.43,0.5629
2024-02-20,52277.52,108.24,38.53,3015.56,0.5624
2024-02-21,51851.67,104.76,37.57,2968.37,0.5492
2024-02-22,51258.7,101.67,36.78,2969.77,0.5408
2024-02-23,50747.05,99.91,35.92,2921.79,0.5341
2024-02-24,51570.65,104.03,36.77,2992.66,0.545
2024-02-25,51731.0,103.24,37.42,3113.17,0.5426
2024-02-26,54533.48,109.87,39.37,3178.34,0.551
2024-02-27,57077.07,108.44,39.26,3243.84,0.5865
2024-02-28,62518.9,118.98,40.41,3386.64,0.5758
2024-02-29,61179.03,125.72,40.95,3341.78,0.5872
2024-03-01,62436.72,129.35,42.65,3436.0,0.6017
2024-03-02,62045.78,129.98,44.35,3424.04,0.6448
2024-03-03,63154.49,130.23,42.57,3489.53,0.627
2024-03-04,68360.14,133.08,43.08,3633.23,0.6488
2024-03-05,63800.78,125.73,39.44,3557.41,0.5921
2024-03-06,66122.28,130.88,41.57,3821.82,0.612
2024-03-07,66938.21,143.8,43.24,3875.28,0.6282
2024-03-08,68289.16,144.77,42.57,3892.6,0.6211
2024-03-09,68480.0,144.29,42.9,3913.55,0.6211
2024-03-10,69032.12,144.34,42.02,3881.96,0.6085
2024-03-11,72110.98,148.8,49.09,4066.21,0.7229
2024-03-12,71475.93,151.04,55.47,3980.34,0.6882
2024-03-13,73135.04,163.82,54.79,4007.7,0.6897
2024-03-14,71364.58,176.69,54.03,3880.45,0.6689
2024-03-15,69506.88,183.88,58.4,3742.95,0.6345
2024-03-16,65254.22,182.68,53.5,3520.1,0.6025
2024-03-17,68343.64,201.69,58.42,3641.02,0.6188
2024-03-18,67613.04,195.85,60.63,3520.66,0.6454
2024-03-19,61906.27,169.72,53.61,3156.97,0.5844
2024-03-20,67858.8,191.89,56.93,3516.68,0.6108
2024-03-21,65484.7,179.43,53.8,3491.78,0.6403
2024-03-22,63814.56,175.14,53.43,3337.41,0.6117
2024-03-23,63998.86,172.66,53.33,3330.05,0.6166
2024-03-24,67204.93,184.12,55.71,3454.67,0.6325
2024-03-25,69890.28,189.03,57.73,3591.02,0.6406
2024-03-26,69992.4,190.32,55.76,3587.67,0.6318
2024-03-27,69435.96,186.15,54.14,3499.56,0.6116
2024-03-28,70801.18,189.66,54.57,3561.1,0.6246
2024-03-29,69903.75,192.08,53.34,3511.08,0.6305
2024-03-30,69626.87,194.18,52.93,3507.51,0.6216
2024-03-31,71288.9,202.32,54.07,3645.48,0.6291
2024-04-01,69681.82,192.12,51.18,3505.85,0.6111
2024-04-02,65464.14,181.48,46.88,3279.64,0.5856
2024-04-03,65987.92,184.99,45.86,3312.43,0.5744
2024-04-04,68525.23,183.63,46.44,3329.39,0.5937
2024-04-05,67856.51,174.37,45.21,3319.26,0.5872
2024-04-06,68919.89,178.74,48.22,3352.66,0.5931
2024-04-07,69350.34,179.05,49.29,3453.67,0.5945
2024-04-08,71622.53,180.55,49.83,3694.56,0.6147
2024-04-09,69117.01,172.17,46.42,3504.58,0.6137
2024-04-10,70634.04,173.41,47.08,3546.0,0.6171
2024-04-11,70020.73,172.72,46.05,3503.06,0.6086
2024-04-12,67148.61,153.02,39.3,3239.31,0.5474
2024-04-13,64024.77,137.83,33.86,3011.39,0.4801
2024-04-14,65777.05,150.84,37.13,3158.06,0.5039
2024-04-15,63452.18,138.5,35.06,3103.13,0.4979
2024-04-16,63814.94,136.12,34.7,3085.25,0.4968
2024-04-17,61279.36,131.86,33.47,2984.98,0.4952
2024-04-18,63513.85,141.57,34.78,3065.82,0.503
2024-04-19,63848.37,142.48,34.59,3057.93,0.5033
2024-04-20,64968.87,151.25,38.28,3157.01,0.5291
2024-04-21,64952.92,148.95,37.21,3148.1,0.5246
2024-04-22,66859.17,157.03,39.17,3201.46,0.5561
2024-04-23,66414.16,154.73,38.41,3219.49,0.5445
2024-04-24,64255.78,147.51,36.29,3138.91,0.5273
2024-04-25,64484.44,144.82,35.59,3155.36,0.5252
2024-04-26,63742.39,139.55,34.47,3130.0,0.5258
2024-04-27,63422.0,141.43,34.41,3253.04,0.5177
2024-04-28,63108.94,138.02,33.96,3262.6,0.5104
2024-04-29,62830.73,136.18,33.74,3235.35,0.5105
