time,ETH-USD,AVAX-USDT,XRP-USD,SOL-USDT
2023-01-02,1213.69,11.16,,11.28
2023-01-03,1214.21,11.38,,13.31
2023-01-04,1256.34,12.09,,13.4
2023-01-05,1250.88,11.75,,13.38
2023-01-06,1268.84,11.78,,13.48
2023-01-07,1263.94,11.75,,13.07
2023-01-08,1289.92,12.09,,14.46
2023-01-09,1320.02,12.22,,16.27
2023-01-10,1335.56,12.73,,16.19
2023-01-11,1389.24,15.85,,16.37
2023-01-12,1416.05,15.42,,16.59
2023-01-13,1451.78,15.95,,18.29
2023-01-14,1550.06,16.94,,24.24
2023-01-15,1552.89,16.81,,22.89
2023-01-16,1576.85,16.6,,23.57
2023-01-17,1565.68,17.18,,22.85
2023-01-18,1510.83,15.81,,20.79
2023-01-19,1550.98,16.17,,21.4
2023-01-20,1658.25,17.54,,25.51
2023-01-21,1626.8,16.84,,24.56
2023-01-22,1627.88,17.38,,24.21
2023-01-23,1626.55,17.94,,24.32
2023-01-24,1556.09,16.96,,22.76
2023-01-25,1612.54,17.87,,24.54
2023-01-26,1601.1,18.12,,24.34
2023-01-27,1598.18,21.16,,24.41
2023-01-28,1572.3,20.53,,24.0
2023-01-29,1644.89,21.04,,26.06
2023-01-30,1566.23,19.65,,23.97
2023-01-31,1585.39,19.81,,23.92
2023-02-01,1642.05,20.97,,25.05
2023-02-02,1643.19,21.22,,24.3
2023-02-03,1663.69,21.35,,24.67
2023-02-04,1666.83,21.03,,24.26
2023-02-05,1629.37,20.07,,23.5
2023-02-06,1614.5,19.57,,22.67
2023-02-07,1671.28,20.84,,23.89
2023-02-08,1650.65,20.1,,23.25
2023-02-09,1545.54,17.88,,20.47
2023-02-10,1513.04,17.82,,20.19
2023-02-11,1538.86,18.01,,20.82
2023-02-12,1515.25,17.78,,21.5
2023-02-13,1506.29,17.61,,20.75
2023-02-14,1556.67,18.14,,21.88
2023-02-15,1674.88,19.95,,23.89
2023-02-16,1637.83,18.59,,22.25
2023-02-17,1694.37,19.53,,23.19
2023-02-18,1691.82,19.54,,23.44
2023-02-19,1680.23,19.82,,24.85
2023-02-20,1703.63,20.94,,26.24
2023-02-21,1659.76,20.98,,24.98
2023-02-22,1642.95,20.34,,24.21
2023-02-23,1650.62,19.62,,23.88
2023-02-24,1607.57,18.33,,23.08
2023-02-25,1594.51,17.9,,22.38
2023-02-26,1641.41,18.37,,23.27
2023-02-27,1633.26,17.9,,22.68
2023-02-28,1605.4,17.06,,21.9
2023-03-01,1665.2,17.82,,22.52
2023-03-02,1647.87,17.37,,21.94
2023-03-03,1569.54,16.66,,21.43
2023-03-04,1566.72,16.15,,21.02
2023-03-05,1564.81,16.15,,20.95
2023-03-06,1565.85,16.53,,20.62
2023-03-07,1561.67,16.18,,20.24
2023-03-08,1532.17,15.15,,18.42
2023-03-09,1437.41,14.43,,17.34
2023-03-10,1432.15,14.83,,18.14
2023-03-11,1483.68,14.43,,18.05
2023-03-12,1592.31,16.18,,20.16
2023-03-13,1681.93,16.47,,20.4
2023-03-14,1704.95,17.12,,20.85
2023-03-15,1656.8,15.59,,19.21
2023-03-16,1677.24,15.85,,19.67
2023-03-17,1793.66,17.66,,21.59
2023-03-18,1763.68,17.0,,21.2
2023-03-19,1786.4,17.52,,21.88
2023-03-20,1739.42,16.63,,22.14
2023-03-21,1807.23,17.39,,22.53
2023-03-22,1739.18,16.71,,21.38
2023-03-23,1817.49,17.61,,22.19
2023-03-24,1751.93,16.95,,20.66
2023-03-25,1743.8,16.89,,20.4
2023-03-26,1775.86,17.13,,20.94
2023-03-27,1716.42,16.44,,19.89
2023-03-28,1773.7,16.72,,20.47
2023-03-29,1793.41,17.33,,21.1
2023-03-30,1793.68,17.25,,20.56
2023-03-31,1822.01,17.81,,21.16
2023-04-01,1821.73,17.84,,21.08
2023-04-02,1795.37,17.23,,20.46
2023-04-03,1810.92,17.11,,20.46
2023-04-04,1871.36,17.68,,20.93
2023-04-05,1908.9,18.0,,20.98
2023-04-06,1873.29,17.99,,20.61
2023-04-07,1865.02,17.59,,20.41
2023-04-08,1850.06,17.45,,20.03
2023-04-09,1859.84,17.6,,20.29
2023-04-10,1911.23,17.94,,20.9
2023-04-11,1891.82,18.2,,23.0
2023-04-12,1918.91,18.19,,23.85
2023-04-13,2013.98,18.82,,24.42
2023-04-14,2101.85,19.2,,24.72
2023-04-15,2092.45,19.07,,24.04
2023-04-16,2120.07,20.17,,25.36
2023-04-17,2075.63,20.5,,24.57
2023-04-18,2104.61,21.19,,24.74
2023-04-19,1934.8,18.9,,22.65
2023-04-20,1943.16,18.4,,22.19
2023-04-21,1848.16,16.93,,21.28
2023-04-22,1874.48,17.2,,21.76
2023-04-23,1861.9,16.82,,21.45
2023-04-24,1842.17,16.9,,21.36
2023-04-25,1866.23,17.67,,21.97
2023-04-26,1866.73,17.13,,21.21
2023-04-27,1908.92,17.65,,22.36
2023-04-28,1892.54,17.52,,23.4
2023-04-29,1908.96,17.49,,23.18
2023-04-30,1870.76,17.11,,22.72
2023-05-01,1831.41,16.61,,21.96
2023-05-02,1871.26,16.82,,22.28
2023-05-03,1905.89,17.22,,22.24
2023-05-04,1878.01,16.94,,21.73
2023-05-05,1995.76,17.44,,22.82
2023-05-06,1900.12,16.58,,21.9
2023-05-07,1873.27,16.35,,21.65
2023-05-08,1849.11,15.42,,20.59
2023-05-09,1847.7,15.36,,20.66
2023-05-10,1842.47,15.53,,20.93
2023-05-11,1795.24,14.92,,20.15
2023-05-12,1808.35,15.2,,20.98
2023-05-13,1795.99,14.93,,20.8
2023-05-14,1800.03,14.99,,20.94
2023-05-15,1816.79,15.12,,20.97
2023-05-16,1824.64,14.87,,20.61
2023-05-17,1822.49,15.14,,21.06
2023-05-18,1800.61,14.67,,20.33
2023-05-19,1812.84,14.67,,20.34
2023-05-20,1819.96,14.62,,20.28
2023-05-21,1805.28,14.33,,19.61
2023-05-22,1817.76,14.68,,19.55
2023-05-23,1854.41,14.67,,20.03
2023-05-24,1799.75,14.11,,19.23
2023-05-25,1805.83,14.05,,19.22
2023-05-26,1828.43,14.33,,19.37
2023-05-27,1830.67,14.53,,20.39
2023-05-28,1909.25,14.9,,20.82
2023-05-29,1893.2,14.44,,20.57
2023-05-30,1901.11,14.42,,21.26
2023-05-31,1874.04,14.09,,20.82
2023-06-01,1862.43,14.05,,20.49
2023-06-02,1907.41,14.5,,21.27
2023-06-03,1892.62,14.57,,21.2
2023-06-04,1890.23,14.74,,21.77
2023-06-05,1811.21,13.88,,19.99
2023-06-06,1884.95,14.62,,20.38
2023-06-07,1832.49,14.0,,18.63
2023-06-08,1845.99,13.91,,18.87
2023-06-09,1840.46,13.75,,17.25
2023-06-10,1752.32,11.72,,15.65
2023-06-11,1753.1,11.52,,15.5
2023-06-12,1742.66,11.5,,15.2
2023-06-13,1739.54,11.79,,15.03
2023-06-14,1650.84,11.4,,14.43
2023-06-15,1665.28,11.4,,14.7
2023-06-16,1716.8,11.51,,15.33
2023-06-17,1727.09,11.62,,15.64
2023-06-18,1720.43,11.3,,15.48
2023-06-19,1736.58,11.46,,16.1
2023-06-20,1792.86,12.11,,16.62
2023-06-21,1889.57,12.9,,17.22
2023-06-22,1872.13,12.68,,16.63
2023-06-23,1893.66,13.21,,17.13
2023-06-24,1875.87,13.05,,16.63
2023-06-25,1899.73,13.41,,16.86
2023-06-26,1859.19,13.17,,16.25
2023-06-27,1889.82,13.15,,16.55
2023-06-28,1827.37,12.32,,15.94
2023-06-29,1852.11,12.66,,18.05
2023-06-30,1933.57,13.07,,18.86
2023-07-01,1924.14,13.0,,18.67
2023-07-02,1937.26,13.11,,19.41
2023-07-03,1955.76,13.25,,19.28
2023-07-04,1936.42,13.03,,19.16
2023-07-05,1910.14,12.65,,18.97
2023-07-06,1845.8,12.36,,19.6
2023-07-07,1870.93,12.73,,21.49
2023-07-08,1865.56,13.67,,21.8
2023-07-09,1863.01,13.56,,21.34
2023-07-10,1880.62,13.42,,21.31
2023-07-11,1878.66,13.26,,22.03
2023-07-12,1871.65,12.98,,21.93
2023-07-13,2005.95,14.12,0.8177,26.05
2023-07-14,1938.91,14.61,0.7186,26.63
2023-07-15,1931.9,14.85,0.715,27.46
2023-07-16,1923.38,14.23,0.7475,27.32
2023-07-17,1911.38,14.4,0.7377,26.84
2023-07-18,1897.72,13.77,0.7787,25.52
2023-07-19,1888.73,14.0,0.8201,26.37
2023-07-20,1891.72,13.83,0.7946,25.37
2023-07-21,1891.92,14.01,0.7716,25.5
2023-07-22,1866.69,13.51,0.7329,24.52
2023-07-23,1888.65,13.52,0.7382,24.77
2023-07-24,1849.69,13.1,0.7022,23.33
2023-07-25,1857.28,13.32,0.7088,23.27
2023-07-26,1871.92,13.21,0.7162,25.11
2023-07-27,1860.88,13.18,0.7136,25.02
2023-07-28,1874.05,13.2,0.712,24.8
2023-07-29,1880.71,13.22,0.7123,25.17
2023-07-30,1861.65,13.11,0.7049,24.16
2023-07-31,1856.0,12.78,0.6977,23.68
2023-08-01,1872.89,12.9,0.7066,24.04
2023-08-02,1838.92,12.52,0.6847,23.12
2023-08-03,1834.34,12.43,0.6626,22.65
2023-08-04,1827.3,12.41,0.6349,22.75
2023-08-05,1834.66,12.45,0.6285,22.64
2023-08-06,1827.5,12.6,0.6229,23.2
2023-08-07,1826.9,12.44,0.623,23.11
2023-08-08,1855.71,12.73,0.6418,24.22
2023-08-09,1854.09,12.6,0.6431,24.39
2023-08-10,1850.38,12.48,0.6324,24.65
2023-08-11,1846.76,12.44,0.6309,24.62
2023-08-12,1849.09,12.35,0.6272,24.95
2023-08-13,1838.98,12.25,0.6251,24.21
2023-08-14,1844.01,12.34,0.6336,25.19
2023-08-15,1827.19,11.83,0.6097,23.92
2023-08-16,1805.51,11.36,0.5883,22.79
2023-08-17,1681.42,10.57,0.5067,21.68
2023-08-18,1661.4,10.83,0.5062,21.39
2023-08-19,1669.65,10.82,0.5199,21.9
2023-08-20,1685.39,10.87,0.5383,21.77
2023-08-21,1667.2,10.35,0.5245,21.2
2023-08-22,1634.33,10.15,0.5208,20.62
2023-08-23,1679.22,10.33,0.5303,21.76
2023-08-24,1660.36,10.09,0.5183,21.04
2023-08-25,1652.75,10.03,0.5256,20.4
2023-08-26,1646.25,10.11,0.523,20.27
2023-08-27,1657.51,10.17,0.5234,20.75
2023-08-28,1651.94,10.38,0.5227,20.59
2023-08-29,1729.34,10.77,0.5398,21.81
2023-08-30,1705.47,10.39,0.5284,20.8
2023-08-31,1645.58,10.02,0.511,19.74
2023-09-01,1628.46,9.92,0.4979,19.4
2023-09-02,1636.83,9.91,0.4989,19.48
2023-09-03,1635.68,9.9,0.5047,19.58
2023-09-04,1629.75,9.77,0.5085,19.51
2023-09-05,1633.85,9.95,0.5054,20.3
2023-09-06,1632.08,9.96,0.5029,19.64
2023-09-07,1647.44,10.09,0.5049,19.93
2023-09-08,1635.94,9.91,0.5049,19.61
2023-09-09,1635.14,9.82,0.5039,19.42
2023-09-10,1616.65,9.44,0.4968,18.23
2023-09-11,1551.36,9.23,0.4743,17.72
2023-09-12,1593.07,9.19,0.4803,17.94
2023-09-13,1608.06,9.34,0.4834,18.39
2023-09-14,1627.18,9.4,0.4892,18.86
2023-09-15,1641.49,9.45,0.5006,19.18
2023-09-16,1634.87,9.36,0.4999,19.03
2023-09-17,1622.83,9.1,0.4927,18.81
2023-09-18,1636.94,9.08,0.5032,19.68
2023-09-19,1643.42,9.21,0.5141,20.02
2023-09-20,1622.27,9.04,0.5213,20.28
2023-09-21,1583.86,8.82,0.5073,19.44
2023-09-22,1593.03,8.87,0.5122,19.42
2023-09-23,1593.85,8.9,0.5077,19.5
2023-09-24,1580.64,8.76,0.502,19.36
2023-09-25,1587.75,8.96,0.5054,19.38
2023-09-26,1593.28,9.04,0.5016,19.02
2023-09-27,1597.65,8.94,0.4989,19.17
2023-09-28,1652.94,9.27,0.5098,19.97
2023-09-29,1667.21,9.17,0.5214,20.25
2023-09-30,1670.84,9.22,0.5151,21.34
2023-10-01,1733.4,9.76,0.524,23.92
2023-10-02,1662.62,9.32,0.5123,23.44
2023-10-03,1656.91,9.38,0.5391,23.61
2023-10-04,1646.58,10.14,0.5328,23.1
2023-10-05,1611.63,10.15,0.523,22.74
2023-10-06,1645.95,10.69,0.5257,23.44
2023-10-07,1634.65,10.33,0.5219,23.3
2023-10-08,1633.78,10.06,0.5177,23.19
2023-10-09,1580.13,9.55,0.5029,22.07
2023-10-10,1567.63,9.51,0.4964,22.11
2023-10-11,1566.46,9.29,0.4888,21.96
2023-10-12,1539.25,9.16,0.483,21.27
2023-10-13,1552.04,9.17,0.4851,21.86
2023-10-14,1554.87,9.14,0.4867,21.99
2023-10-15,1558.01,9.18,0.4874,21.92
2023-10-16,1600.02,9.4,0.4978,23.99
2023-10-17,1565.24,9.1,0.4913,23.92
2023-10-18,1563.67,8.9,0.488,23.38
2023-10-19,1567.48,9.1,0.5201,24.99
2023-10-20,1604.96,9.25,0.515,27.06
2023-10-21,1629.38,9.61,0.5211,29.24
2023-10-22,1664.43,10.09,0.5229,29.05
2023-10-23,1766.27,10.59,0.5479,32.03
2023-10-24,1785.28,10.27,0.5591,30.17
2023-10-25,1787.58,10.48,0.5556,32.42
2023-10-26,1803.57,11.05,0.5536,32.78
2023-10-27,1779.81,10.59,0.5431,31.7
2023-10-28,1776.48,10.98,0.5449,31.65
2023-10-29,1795.74,11.39,0.5564,32.88
2023-10-30,1809.69,11.44,0.5785,34.94
2023-10-31,1815.14,11.3,0.5999,38.39
2023-11-01,1847.74,12.23,0.6091,41.14
2023-11-02,1801.31,11.85,0.6053,40.25
2023-11-03,1833.76,12.11,0.6124,39.42
2023-11-04,1857.23,12.22,0.6154,42.42
2023-11-05,1893.16,12.34,0.6614,41.14
2023-11-06,1901.68,13.1,0.7149,42.11
2023-11-07,1885.93,12.8,0.6855,42.93
2023-11-08,1888.84,12.98,0.6873,43.06
2023-11-09,2121.3,12.95,0.6668,45.22
2023-11-10,2078.57,14.78,0.6596,56.69
2023-11-11,2053.83,16.81,0.6628,56.4
2023-11-12,2046.06,19.16,0.6616,56.23
2023-11-13,2053.99,16.1,0.6702,51.6
2023-11-14,1979.61,17.04,0.6295,56.84
2023-11-15,2059.38,20.7,0.6484,65.45
2023-11-16,1961.76,21.74,0.6119,57.8
2023-11-17,1961.57,21.89,0.6135,58.51
2023-11-18,1963.76,21.91,0.6111,58.36
2023-11-19,2012.29,22.89,0.6272,61.15
2023-11-20,2022.55,20.85,0.6126,56.45
2023-11-21,1933.45,18.97,0.5788,51.63
2023-11-22,2063.94,20.81,0.6116,57.57
2023-11-23,2062.78,20.66,0.6208,56.52
2023-11-24,2082.61,20.84,0.6216,56.63
2023-11-25,2084.02,21.34,0.623,58.82
2023-11-26,2063.09,21.04,0.616,57.52
2023-11-27,2027.47,20.31,0.6039,55.04
2023-11-28,2049.08,20.7,0.6109,58.25
2023-11-29,2029.11,21.11,0.6092,59.38
2023-11-30,2053.1,21.4,0.6065,59.28
2023-12-01,2088.4,21.87,0.6129,59.75
2023-12-02,2165.76,22.21,0.621,63.8
2023-12-03,2194.13,21.99,0.6233,63.08
2023-12-04,2243.29,22.7,0.6245,61.62
2023-12-05,2293.97,24.54,0.6212,61.02
2023-12-06,2232.8,26.23,0.6401,61.96
2023-12-07,2356.57,26.29,0.6434,67.87
2023-12-08,2358.59,30.44,0.6723,75.02
2023-12-09,2341.28,31.9,0.6585,72.28
2023-12-10,2352.29,37.16,0.6616,74.88
2023-12-11,2224.06,38.02,0.6185,70.52
2023-12-12,2202.34,37.56,0.6189,68.54
2023-12-13,2260.69,39.06,0.6276,70.76
2023-12-14,2315.95,39.29,0.6318,75.5
2023-12-15,2220.31,39.77,0.6156,72.38
2023-12-16,2227.29,42.33,0.62,73.7
2023-12-17,2194.75,40.56,0.6098,71.0
2023-12-18,2218.71,41.18,0.6125,74.55
2023-12-19,2177.27,39.73,0.6044,73.01
2023-12-20,2202.0,43.46,0.617,82.21
2023-12-21,2239.92,45.99,0.6241,93.96
2023-12-22,2326.35,45.26,0.6249,97.86
2023-12-23,2309.58,48.28,0.6199,107.87
2023-12-24,2265.33,47.74,0.6127,112.48
2023-12-25,2271.53,48.31,0.6463,121.36
2023-12-26,2230.91,44.54,0.622,112.47
2023-12-27,2380.66,42.36,0.6348,106.72
2023-12-28,2344.94,39.86,0.635,101.87
2023-12-29,2299.37,40.13,0.623,106.34
2023-12-30,2291.15,39.34,0.6206,101.73
2023-12-31,2281.07,38.52,0.6154,101.61
2024-01-01,2352.76,41.94,0.6299,109.9
2024-01-02,2356.16,40.57,0.6247,106.62
2024-01-03,2210.49,36.78,0.5826,98.47
2024-01-04,2269.47,38.7,0.5874,104.87
2024-01-05,2270.35,36.48,0.5763,100.0
2024-01-06,2241.87,34.62,0.5684,93.77
2024-01-07,2222.69,33.62,0.5515,89.52
2024-01-08,2332.51,36.08,0.5782,97.9
2024-01-09,2344.93,34.62,0.567,99.39
2024-01-10,2584.77,38.58,0.6006,101.98
2024-01-11,2618.31,39.3,0.6019,99.82
2024-01-12,2522.03,35.93,0.5697,92.11
2024-01-13,2578.12,36.49,0.5746,95.87
2024-01-14,2470.66,35.25,0.5758,93.78
2024-01-15,2509.94,35.75,0.5752,94.37
2024-01-16,2586.83,35.59,0.5755,97.84
2024-01-17,2527.94,36.1,0.568,102.38
2024-01-18,2468.82,33.53,0.5516,94.2
2024-01-19,2490.13,32.7,0.5438,93.56
2024-01-20,2470.44,32.84,0.5531,92.77
2024-01-21,2455.52,32.58,0.5462,91.23
2024-01-22,2311.34,29.6,0.527,83.87
2024-01-23,2240.81,30.63,0.5179,84.26
2024-01-24,2234.06,31.19,0.518,88.74
2024-01-25,2217.3,30.49,0.5136,86.7
2024-01-26,2267.34,32.28,0.5321,92.11
2024-01-27,2268.07,33.25,0.5303,94.3
2024-01-28,2256.51,34.8,0.5241,95.95
2024-01-29,2317.42,36.07,0.5351,101.86
2024-01-30,2342.96,35.22,0.5109,101.47
2024-01-31,2281.6,33.21,0.5029,97.2
2024-02-01,2303.61,33.84,0.5058,97.73
2024-02-02,2308.03,36.81,0.5103,100.68
2024-02-03,2295.97,36.03,0.5186,97.74
2024-02-04,2288.82,34.84,0.5028,95.43
2024-02-05,2298.91,34.5,0.5062,95.59
2024-02-06,2372.09,34.14,0.505,97.05
2024-02-07,2424.55,35.32,0.5138,101.2
2024-02-08,2419.78,35.46,0.5148,102.79
2024-02-09,2487.84,38.0,0.5264,106.96
2024-02-10,2501.08,40.27,0.5241,108.95
2024-02-11,2508.11,39.64,0.5263,107.44
2024-02-12,2661.03,40.96,0.5318,111.7
2024-02-13,2641.63,39.74,0.5248,112.13
2024-02-14,2777.56,42.35,0.5384,117.03
2024-02-15,2825.94,41.55,0.5627,113.54
2024-02-16,2803.89,40.25,0.5647,110.32
2024-02-17,2786.83,39.77,0.5498,108.95
2024-02-18,2882.06,40.33,0.5574,112.2
2024-02-19,2945.43,39.61,0.5629,111.51
2024-02-20,3015.56,38.53,0.5624,108.24
2024-02-21,2968.37,37.57,0.5492,104.76
2024-02-22,2969.77,36.78,0.5408,101.67
2024-02-23,2921.79,35.92,0.5341,99.91
2024-02-24,2992.66,36.77,0.545,104.03
2024-02-25,3113.17,37.42,0.5426,103.24
2024-02-26,3178.34,39.37,0.551,109.87
2024-02-27,3243.84,39.26,0.5865,108.44
2024-02-28,3386.64,40.41,0.5758,118.98
2024-02-29,3341.78,40.95,0.5872,125.72
2024-03-01,3436.0,42.65,0.6017,129.35
2024-03-02,3424.04,44.35,0.6448,129.98
2024-03-03,3489.53,42.57,0.627,130.23
2024-03-04,3633.23,43.08,0.6488,133.08
2024-03-05,3557.41,39.44,0.5921,125.73
2024-03-06,3821.82,41.57,0.612,130.88
2024-03-07,3875.28,43.24,0.6282,143.8
2024-03-08,3892.6,42.57,0.6211,144.77
2024-03-09,3913.55,42.9,0.6211,144.29
2024-03-10,3881.96,42.02,0.6085,144.34
2024-03-11,4066.21,49.09,0.7229,148.8
2024-03-12,3980.34,55.47,0.6882,151.04
2024-03-13,4007.7,54.79,0.6897,163.82
2024-03-14,3880.45,54.03,0.6689,176.69
2024-03-15,3742.95,58.4,0.6345,183.88
2024-03-16,3520.1,53.5,0.6025,182.68
2024-03-17,3641.02,58.42,0.6188,201.69
2024-03-18,3520.66,60.63,0.6454,195.85
2024-03-19,3156.97,53.61,0.5844,169.72
2024-03-20,3516.68,56.93,0.6108,191.89
2024-03-21,3491.78,53.8,0.6403,179.43
2024-03-22,3337.41,53.43,0.6117,175.14
2024-03-23,3330.05,53.33,0.6166,172.66
2024-03-24,3454.67,55.71,0.6325,184.12
2024-03-25,3591.02,57.73,0.6406,189.03
2024-03-26,3587.67,55.76,0.6318,190.32
2024-03-27,3499.56,54.14,0.6116,186.15
2024-03-28,3561.1,54.57,0.6246,189.66
2024-03-29,3511.08,53.34,0.6305,192.08
2024-03-30,3507.51,52.93,0.6216,194.18
2024-03-31,3645.48,54.07,0.6291,202.32
2024-04-01,3505.85,51.18,0.6111,192.12
2024-04-02,3279.64,46.88,0.5856,181.48
2024-04-03,3312.43,45.86,0.5744,184.99
2024-04-04,3329.39,46.44,0.5937,183.63
2024-04-05,3319.26,45.21,0.5872,174.37
2024-04-06,3352.66,48.22,0.5931,178.74
2024-04-07,3453.67,49.29,0.5945,179.05
2024-04-08,3694.56,49.83,0.6147,180.55
2024-04-09,3504.58,46.42,0.6137,172.17
2024-04-10,3546.0,47.08,0.6171,173.41
2024-04-11,3503.06,46.05,0.6086,172.72
2024-04-12,3239.31,39.3,0.5474,153.02
2024-04-13,3011.39,33.86,0.4801,137.83
2024-04-14,3158.06,37.13,0.5039,150.84
2024-04-15,3103.13,35.06,0.4979,138.5
2024-04-16,3085.25,34.7,0.4968,136.12
2024-04-17,2984.98,33.47,0.4952,131.86
2024-04-18,3065.82,34.78,0.503,141.57
2024-04-19,3057.93,34.59,0.5033,142.48
2024-04-20,3157.01,38.28,0.5291,151.25
2024-04-21,3148.1,37.21,0.5246,148.95
2024-04-22,3201.46,39.17,0.5561,157.03
2024-04-23,3219.49,38.41,0.5445,154.73
2024-04-24,3138.91,36.29,0.5273,147.51
2024-04-25,3155.36,35.59,0.5252,144.82
2024-04-26,3130.0,34.47,0.5258,139.55
2024-04-27,3253.04,34.41,0.5177,141.43
2024-04-28,3262.6,33.96,0.5104,138.02
2024-04-29,3235.35,33.74,0.5105,136.18
